title,old_price,new_price,decrease_amount
ASUS K535V-SX126V  Intel® Core™ i5 -2410M 2nd Gen 4GB RAM 500GB HDD NVIDIA® GeForce® GT 540M 1GB Graphics Card 15.6″ Display,30237,25580,4657
Acer Aspire E5-575G  Core-i5-6th Gen 8GB RAM 256GB SSD 15.6″ Display,39022,36083,2939
Acer Aspire V Nitro (VN7-791) Intel Core i7-4720HQ 8GB RAM 256GB SSD NVIDIA GeForce GTX 960M (4GB GDDR5) 17.3″ Display,47693,44055,3638
Acer Aspire V5-471G Intel® Core™ i5 3rd Gen -3337U 8GB RAM 500 GB HDD NVIDIA® GeForce® 710M 2GB Graphics Card Touch 14″ Display,37237,33419,3818
Acer Nitro 5 AN515-51 Core-i5-7th Gen 7300HQ 16 GB RAM 256 GB SSD NVIDIA GeForce GTX 1050 4 GB CARD 15.6″ Display,113406,110013,3393
Apple MacBook Air MC7U4 M2 8-Core Chip 16GB RAM 256GB SSD 13.6″ Liquid Retina Display M2 8-Core GPU Touch ID Space Gray (1Year International Warranty),271334,267333,4001
Apple MacBook Air MC8G4 M3 8-Core Chip 16GB RAM 256GB SSD 13.6″ Liquid Retina IPS LED Display 8-Core GPU Touch ID Space Gray (1 Year International Warranty),304387,300534,3853
Apple MacBook Air MC8J4 M3 8-Core Chip 16GB RAM 256GB SSD 13.6″ Liquid Retina IPS LED Display 8-Core GPU StarLight  (1 Year International Warranty),307658,303885,3773
Apple MacBook Air MC8K4 M3 8-Core Chip 16GB RAM 256GB SSD 13.6″ Liquid Retina IPS LED Display 8-Core GPU Midnight (1 Year International Warranty) (On Order),313944,310693,3251
Apple MacBook Air MC9D4 M3 8-Core Chip 16GB RAM 256GB SSD 15.3″ Liquid Retina Display 10-Core GPU Touch ID Space Gray (1 Year International Warranty),374915,372171,2744
Apple MacBook Air MGN63 M1 8-Core Chip 8GB RAM 256GB SSD 13.3″ Liquid Retina IPS LED Display 7-Core GPU Touch ID Space grey  (1 Year International Warranty),214988,211654,3334
Apple MacBook Air MLY13 M2 8-Core Chip 8GB RAM 256GB SSD 13.6″ Liquid Retina IPS LED Display 8-Core GPU Touch ID Starlight (1 Year International Warranty) (On Order),252390,249891,2499
Apple MacBook Air MLY33 M2 8-Core Chip 8GB RAM 256GB SSD 13.6″ Liquid Retina IPS LED Display  8-Core GPU Midnight  (1 Year International Warranty) (On Order),256840,253862,2978
Apple MacBook Air MRXV3 M3 8-Core Chip 8GB RAM 256GB SSD 13.6″ Liquid Retina IPS LED Display 8-Core GPU Touch ID  Midnight  (1 Year International Warranty) (On Order),282652,279232,3420
Apple MacBook Air MRXW3 M3 8-Core Chip 8GB RAM 512GB SSD 13.6″ Liquid Retina Display 10-Core GPU Touch ID  Midnight  (1 Year International Warranty) (On Order),353690,348846,4844
Apple MacBook Air MXCT3 M3 8-Core Chip 16GB RAM 512GB SSD 13.6″ Liquid Retina Display 10-Core GPU Touch ID Silver (1 Year International Warranty) (On Order),395942,392166,3776
Apple MacBook Pro 2016 Core-i7 16GB RAM 500GB SSD 13″ Display Space Gray,123985,119089,4896
Apple MacBook Pro 2019 Core-i7 16 GB RAM 512 GB SSD 4 GB CARD Radeon Pro 560X 15″ Display,233715,230482,3233
"Apple MacBook Pro A1398 2014 Core-i7 16GB RAM 256GB SSD NVIDIA GeForce GT 750M 2GB Retina, 16″ Display Mid",67321,63878,3443
Apple MacBook Pro A1708 2017 Core-i5 8 GB RAM 256 GB SSD 13.3″ Display,73365,69504,3861
Apple MacBook Pro A2141 2019 Core-i9 16 GB RAM 1TB SSD Radeon Pro Vega 16 4GB Card 16″ Display,237116,233401,3715
Apple MacBook Pro MW2U3 Apple M4 Chip 16GB RAM 512GB SSD Liquid Retina XDR 14″ Display Space Black,479957,476777,3180
Apple MacBook Pro MX2K3 M4 Max 14-Core Chip 36GB RAM 1TB SSD 14″ Liquid Retina XDR display 32-Core GPU Space Black (1 Year International Warranty),891757,888497,3260
Apple MacBook Pro MX303 M4 Max 14-Core Chip 36GB RAM 1TB SSD 16″ Liquid Retina XDR display 32-Core GPU Space Black (1 Year International Warranty),992374,989698,2676
Asus A5305V Core-i5-2nd Gen 8GB RAM 256GB SSD 1GB GT 540M Graphics Card 15.6″ Display,28196,25748,2448
Asus Q551LB Core-i7-5th Gen 8 GB RAM 256 GB SSD 2 GB Nvidia GTX 940M Graphics Card Touchscreen x360 15.6″ Display,45416,40571,4845
Asus UX330UA  Core-i5-7th Gen 8 GB RAM 256 GB SSD 13.3″ Display,56923,54222,2701
Brand New! ASUS TUF Gaming A16 FA608WV-RL055W AMD Ryzen AI 9 HX370 32GB RAM DDR5 1TB Nvme M.2 Nvidia GeForce RTX 4060 8GB Graphics Card 16.0″ Display RGB B/L KB WIN 11 GREY (2 Year International Warranty),540234,536061,4173
Brand New! ASUS TUF Gaming F17 FX707VU-HX175 Intel Core-i7-13620H 13th Gen 16GB RAM DDR5 512GB SSD Nvme M.2 Nvidia GeForce RTX 4050 8GB Graphics Card 17.3″ Display RGB B/L KB DOS GREY (2 Year Official Warranty),341354,339026,2328
Brand New! ASUS TUF Gaming FA401WU-RG047W AMD Ryzen AI 9 HX370 32GB RAM DDR5 1TB Nvme M.2 Nvidia GeForce RTX 4060 6GB Graphics Card 14.0″ Display RGB B/L KB WIN 11 GREY (2 Year Official Warranty),538957,534453,4504
Brand New! Acer Nitro V 15 ANV15-51-95FB Gaming Laptop Core-i9-13th Gen 13900H 16GB RAM DDR5 512GB SSD NVIDIA RTX 4060 8GB Graphic Card 15.6″ FHD IPS 144Hz  Win 11 (1 Year Official Card Warranty) ( Limited Stock),329272,326917,2355
Brand New! Acer Nitro V 16 ANV16-41-R34Z Gaming Laptop AMD Ryzen 7-8845HS 16GB RAM DDR5 512GB SSD NVIDIA RTX 4050 6GB Graphics Card 16″ WUXGA IPS 165Hz Win 11 (1 Year Official Card Warranty) ( On Order),274976,270270,4706
"Brand New! Acer Predator Helios 16 PH16-72-97T1 Gaming Laptop Core-i9-14th Gen 14900HX 32GB RAM DDR5 1TB SSD NVIDIA RTX 4080 12GB Graphics Card 16″ WQXGA IPS 240Hz, Win 11 (2 Year Official Warranty) ( On Order)",717182,714794,2388
Brand New! Acer Predator Helios Neo 14 PHN14-51-97X1 Gaming Laptop Ultra-9-185H 32GB RAM DDR5 1TB SSD NVIDIA RTX 4060 8GB Graphics Card 14.5″ WQXGA+ IPS 165Hz  Win 11 (2 Year Official Warranty),429700,426018,3682
Brand New! Acer Predator Helios Neo 16 PHN16-72-93AF Gaming Laptop Core-i9-14th Gen 14900HX 16GB RAM DDR5 1TB SSD NVIDIA RTX 4070 8GB Graphics Card  16″ WQXGA IPS 240Hz Win 11 ( 2 Year Official Warranty) ( On Order),491740,489677,2063
Brand New! Asus TUF Gaming FX507VV-LP139 Intel Core-i7-13620H 13th Gen 16GB RAM DDR5 512GB SSD Nvme M.2 Nvidia GeForce RTX 4060 8GB Graphics Card 15.6″ FHD Display RGB B/L KB DOS GREY (2 Year Official Warranty),359677,357302,2375
Brand New! Asus TUF Gaming FX707VV-HX199 Intel Core-i7-13620H 13th Gen 16GB RAM DDR5 512GB SSD Nvme M.2 Nvidia GeForce RTX 4060 8GB Graphics Card 17.3″ Display RGB B/L KB DOS GREY (2 Year Official Warranty),379315,375167,4148
"Brand New! Asus ZenBook 14 Q415MA Intel Core Ultra 5-120H 8GB RAM 512GB SSD 14″ WUXGA 60Hz OLED Touch Screen Display, Windows 11 Home (1 Year International Warranty)",175870,172958,2912
Brand New! DELL Vostro 3520 Core-i5-12th Gen 4GB RAM 256GB SSD 15.6″ Display (1 year International Warranty),122950,119220,3730
Brand New! Dell Inspiron 14 7440 2-in-1 Laptop Intel Core 7-150U 16GB RAM DDR5 1TB SSD Fingerprint Reader Backlit KB Windows 11 14″ FHD Touchscreen Ice Blue (1 Year International Warranty),229521,224932,4589
Brand New! Dell Inspiron 15 3520 Laptop Intel Core i5-12th Gen 8GB 512GB SSD 15.6″ FHD Display (1 Year International Warranty),137190,134523,2667
Brand New! Dell Latitude 5540  Core-i5-13th Gen 1350P 8GB RAM 256GB SSD 2GB Mx 550 Graphics Card 15.6 FHD BACKLIT WIN 11 Pro (1 YEAR INTERNATIONAL WARRANTY),120782,118574,2208
Brand New! Dell XPS 13 9340 Laptop Intel® Core™ Ultra 7 Processor 155H 16GB RAM 512GB SSD  Backlit KB Fingerprint Reader Windows 11 Pro 13.4″ FHD+ Display Platinum(1Year International Warranty),396186,393510,2676
Brand New! Dell XPS 9640 Laptop Intel Core Ultra 7 Processor 155H 16GB LPDDR5x 512GB SSD M.2 NVIDIA GeForce RTX 4050 6GB Graphics Card Backlit Keyboard Fingerprint Reader Windows 11 Pro 16.3″ FHD Display (1 Year International Warranty),460237,456087,4150
Brand New! HP 15-DY5885wm Intel Core-i5 12th Gen 8GB RAM 256GB SSD 15.6″ FHD LED Display (1 year International Warranty),128276,125431,2845
"Brand New! HP 15-FD0182WM Intel® Core™ i7-1355U 13th Gen 16GB Ram DDR4, 1TB SSD NVMe Intel® Iris® Xᵉ Graphics Backlit KB, Finger Reader, Windows 11 15.6″ FHD Display (1 Year International Warranty)",189829,184985,4844
"Brand New! HP 15-FD0229NIA Intel® Core™ i7-1355U 13th Gen 8GB Ram DDR4, 512GB SSD NVMe Intel® Iris® Xᵉ Graphics DOS 15.6″ FHD Display",174962,170351,4611
Brand New! HP 15-FD0336NIA Laptop Core-i3-13th Gen 4GB RAM 256GB SSD 15.6″ Display (BoxPack with 1 year International warranty),110947,107085,3862
Brand New! HP 15-FD0371NIA Intel Core-i7-1355U 13th-Gen 8GB RAM 512GB SSD 15.6″FHD  DOS (1 Year International Warranty),187390,183873,3517
Brand New! HP 15S-FQ5000NIA Core-i3-12th Gen 4GB RAM 256GB SSD 15.6″ Display (1 year International Warranty),108333,105122,3211
Brand New! HP 250 G10 Core-i5-13th Gen 8GB RAM 512GB SSD 15.6″ Display (1 year International Warranty),147275,142363,4912
"Brand New! HP ENVY 14-FA0090AU x360 AMD Ryzen™ 7 8840HS 16GB LPDDR5 512GB SSD 14″ Diagonal, 2K Touchscreen Display Window 11 Glacier Silver (1 Year Local Warranty)",276180,272847,3333
Brand New! HP EliteBook 640 G10 Intel  Core-i7-1355U 13th-Gen 16GB RAM 1TB SSD FPR BL/KB DOS 14″FHD Display (1Year International Warranty),247719,243284,4435
Brand New! HP EliteBook 640 G10 Intel Core- i5-1355U 13th-Gen 8GB RAM 512GB SSD FPR BL/KB DOS 14″FHD Display (1Year International Warranty),202010,198452,3558
Brand New! HP Envy X360 14-ES1013DX Intel Core TM5 120U 8GB RAM 512GB SSD Touchscreen 14″ Display (International Warranty),172229,168490,3739
"Brand New! HP Envy X360 16-AC0023DX 2-in-1 Laptop Intel Core Ultra 7 155U, 16GB DDR5, 1TB SSD, Intel Iris Xe Graphics, 16″ WUXGA IPS Touch Screen, Backlit Keyboard, Windows 11 Home, Glacier Silver(1 Year International Warranty)",237178,233238,3940
Brand New! HP Omen 16-WF0083DX Gaming Laptop Core-i9-13th Gen 13900HX 16GB RAM 1TB SSD NVIDIA RTX 4060 8GB Graphics Card 16.1″FHD 165Hz W11 BLK (1 Year International Warranty) ( On Order),390543,385767,4776
Brand New! HP Pavilion x360 2-in-1 Laptop 14-EK0073DX Core-i5-12th Gen 8 GB RAM 512 GB SSD Touchscreen 14″ Display (1 year International Warranty),185247,182640,2607
"Brand New! HP ProBook 440 G11 Intel® Core™ Ultra 5 Processor 125U 8GB DDR5 Ram, 512GB SSD NVMe Backlit Keyboard 14″ WUXGA IPS Display (1 Year International Warranty)",199477,197373,2104
"Brand New! HP Spectre X360 2 in 1 14-EU0085TU Intel Core Ultra 7 155H 16GB DDR5 1TB SSD 14″ Diagonal, 3K OLED Touchscreen Display Window Blue Slate Blue (1 Year Local Card Warranty)",453697,450830,2867
Brand New! HP Spectre x360 14 eu00134dx Core-Ultra 7 155h 16GB RAM 1TB SSD 2.8 UWVA OLED 14″ Display (1 Year International Warranty),389339,385683,3656
Brand New! HP Spectre x360 F2013DX Intel Core-i7-13700H 13th-Gen 16GB RAM 512GB SSD 16” 3K+IPS Touch Screen Display  W11 PEN (1 Year International Warranty),338375,335276,3099
"Brand New! HP VICTUS 15-fa1163dx Intel® Core™ i7-12650H 12th Gen 16GB Ram DDR4, 512GB SSD NVMe NVIDIA® GeForce RTX™ 4050 6GB GDDR6 Graphics Card Backlit KB Windows 11 15.6″ FHD Display (1 Year International Warranty)",276836,273778,3058
"Brand New! HP Victus 15 FB1049AX AMD Ryzen™ 5 7535HS 8GB RAM DDR5 512GB SSD NVIDIA® GeForce RTX™ 2050 4GB Dedicated Graphics Card  15.6″ Diagonal, Full HD (1 Year Local Card Warranty)",216944,213117,3827
Brand New! Lenovo IdeaPad 3 14ITL05 Core i3-1115G4 2.00GHz 8GB RAM DDR4 256GB SSD M.2 NVMe 14″ Inch FHD Display Windows 11 Home in S Mode (1 year International Warranty),98765,95978,2787
Brand New! Lenovo Ideapad 1 Core i3 12th Gen 8GB RAM 256GB SSD 15.6″ Display (1 year International Warranty),122317,119128,3189
Brand New! Lenovo LOQ 15 15ARP9 Gaming Laptop AMD Ryzen 7 7435HS 16GB RAM 512GB SSD NVIDIA RTX 4050 8GB Graphics Card 15.6″FHD Display Window 11 LUNA GREY (1 Year International Warranty),271565,266582,4983
Brand New! Lenovo ThinkPad E16 Gen 1 Core i5-1355U 16GB 512GB SSD Intel Iris Xe Graphics 16″ WUXGA Touchscreen Display (1 Year International Warranty),196623,193325,3298
Brand New! Lenovo ThinkPad E16 Gen 2 Intel Core Ultra 5-125U 8GB RAM 512GB SSD 16″ WUXGA BL/KB (1 Year International Warranty),230501,226143,4358
Brand New! Lenovo v15 G3 IAP Core i5 12th Gen 8GB RAM 512GB SSD 15.6″ FHD Display (Box Pack with 1 Year International Warranty),151045,148932,2113
DELL Inspiron 5437 Core-i7 4th Gen 8GB RAM 256GB SSD Touch Screen 14″ Display,35837,32946,2891
DELL Latitude 3350 Core-i5-5th Gen 8GB RAM 256GB SSD 13.3″ Display,40917,36386,4531
DELL Latitude 5491 Core-i7-8th Gen 8GB RAM 256GB SSD Nvidia GeForce MX130 2GB Graphics Card 14″ Display,80801,75895,4906
DELL Latitude E5520 Core-i5-2nd Gen 4GB RAM 320GB HDD 15.6″ Display,29129,27127,2002
DELL Latitude E5530 Intel® Core™ i3-3rd Gen 4GB RAM 320GB HDD 15.6″ Display,27138,24211,2927
DELL Precision 7530 Intel Xeon 16 GB RAM 512 GB SSD 4GB NVIDIA® Quadro® P2000 Graphics Card 15.6″ Display,119011,116488,2523
Dell  Latitude 3300 Core-i5-8th Gen 8GB RAM 256GB SSD Touchscreen 13.3″ Display,51822,47772,4050
Dell 3180 ChromeBook 2GB Ram 16GB SSD 11″ Display,14027,11767,2260
"Dell Alienware M16 R2 Ultra 7 155H 16 Core Processor METEOR LAKE 16GB Ram DDR5 1TB SSD 8 GB NVIDIA GeForce RTX4070 GDDR6 16″ QHD 240Hz NVIDIA G-Sync Display Stereo Speakers AlienFX RGB Backlit KB W11 Home (Dark Metallic Moon,New)",503745,499388,4357
Dell Alienware m16 R1 Gaming Laptop – Raptor Lake Core-i7-13th Gen 13700HX 16GB RAM 1TB SSD NVIDIA GeForce RTX4070 GDDR6 8GB Graphics Card 16″ QHD+ 165Hz CV+ NVIDIA G-Sync Display DolbyAtmos Audio RGB Backlit KB W11 Pro (Dark Metallic Moon) (Open Box Laptop Warranty Ending till 16th Jan 2025),356185,353794,2391
Dell G15-5515 Gaming Laptop AMD Ryzen5-5600H 16 GB RAM 512 GB SSD Nvidia RTX 3050 (4Gb Gddr6) 15.6″ Display,161707,158888,2819
Dell G3 3579 Gaming Laptop Core-i5-8th Gen 16GB RAM 512GB SSD 4GB Nvidia GeForce GTX 1050 15.6″ Display,119890,117375,2515
Dell Inspiron  3511 Core-i5-10th Gen 8GB RAM 256GB SSD 15.6″ Display,81128,76366,4762
Dell Inspiron 15 3552 Celeron 4 GB RAM 128 GB SSD 15.6″ Display,28209,24749,3460
Dell Inspiron 15 3593 Core-i5-10th Gen 12 GB RAM 256 GB SSD 15.6″ Display,107154,102790,4364
Dell Inspiron 17 7706 2-in-1 Laptop Core-i7-11th Gen 16GB RAM 512GB SSD NVIDIA® GeForce® MX350 Graphics Card 17″ Display,139590,136464,3126
Dell Inspiron 3452 Pantium N3700 4GB RAM 128GB SSD 14″ Display,26996,23878,3118
Dell Inspiron 3511 Core-i3-11th Gen 16GB RAM 256GB SSD 15.6″ Display,67775,63465,4310
Dell Inspiron 3520 Core-i3-11th Gen 16GB RAM 256GB SSD 15.6″ Display,67722,64276,3446
Dell Inspiron 3531 Celeron 8GB RAM 256GB SSD 15.6″ Display,33415,28995,4420
Dell Inspiron 3537 Core-i5-4th Gen 8GB RAM 500GB HDD 15.6″ Display,34198,31276,2922
Dell Inspiron 3543 Core-i5-5th Gen 8GB RAM 500GB HDD 15.6″ Display,38883,35667,3216
Dell Inspiron 3576 Core-i5 8th Gen 8GB RAM 256GB SSD 15.6″ Display,65216,60810,4406
Dell Inspiron 5567 Core-i7-7th Gen 16GB RAM 256GB SSD AMD Radeon M440 4GB Graphics Card 15.6″ Display,69828,65701,4127
Dell Inspiron 5593 Core-i5-10th Gen 8GB RAM 256GB SSD 15.6″ Display,80004,77557,2447
Dell Inspiron 5748 Core-i7-4th Gen 8GB RAM 256GB SSD 17.3″ Display,40521,38166,2355
Dell Inspiron 7348 2 in 1 Core-i7 5th Gen 8GB RAM 256GB SSD 13.3″ Display,39085,34376,4709
Dell Inspiron G7 7588 Gaming Laptop Core-i7 8th Gen 8GB RAM 256GB SSD 6GB Nvidia GeForce 1060 15.6″ Display,145384,140596,4788
Dell Inspiron P75F Core-i5 8th Gen 16 GB RAM 512 GB SSD 1050 Nvidia Quadro 4 GB Graphics Card 15.6″ Display,128450,126384,2066
Dell Latitude  5511 Core-i7-10th Gen 32GB RAM 1TB SSD Nvidia GeForce MX250 2GB Graphics Card 15.6″ Display,152770,148469,4301
Dell Latitude 13 3390 Core-i5 8th Gen 8GB RAM 256GB SSD 2 in 1 13″ Display,62625,60223,2402
Dell Latitude 15 3540 Raptor Lake Core-i5-13th Gen 16 GB RAM 256 GB SSD Intel UHD Graphics 15.6″ Full HD 1080p 60Hz 250nits AG Display Backlit KB FP Reader (BOX PACK),197388,194745,2643
Dell Latitude 3310 Core-i3-8th Gen 4GB RAM 128GB SSD 13.3″ Display,35633,32816,2817
Dell Latitude 3310 Core-i5-8th Gen 8GB RAM 256GB SSD 13.3″ Display,53496,49537,3959
Dell Latitude 3340 Intel Pentium 4th 4GB RAM 128GB SSD 13.3″ Display,23084,18333,4751
Dell Latitude 3380 Core-i3 6th Gen 4GB RAM 128GB SSD 13.3″ Display,35678,32294,3384
Dell Latitude 3390 2-in-1 Intel Core i3-7th Gen 8GB RAM 256GB SSD Touch Screen X360 13.3″ Display,46639,43075,3564
Dell Latitude 3410 Core-i5-10th 8 GB RAM 256 GB SSD 14″ Display,74457,69850,4607
Dell Latitude 3450 Core-i3-5th Gen 4GB RAM 128GB SSD 14″ Display,28428,26029,2399
Dell Latitude 3490 Core-i3-6th Gen 8GB RAM 256GB SSD 14″ Display,35889,33456,2433
Dell Latitude 3490 Core-i5-8th Gen 8 GB RAM 256 GB SSD 14″ Display,52421,49813,2608
Dell Latitude 3490 Core-i7-8th Gen 8 GB RAM 256 GB SSD 14″ Display,54688,50916,3772
Dell Latitude 3510 Core-i5-10th Gen 8GB RAM 256GB SSD 15.6″ Display,81869,78951,2918
Dell Latitude 3550 Core-i5-5th Gen 8GB RAM 256GB SSD 15.6″ Display,45654,43379,2275
Dell Latitude 3570 Core-i5-6th Gen 8GB RAM 256GB SSD 15.6″ Display,52214,47682,4532
Dell Latitude 3590 Core-i3-6th Gen 8GB RAM 256GB SSD 15.6″ Display,40756,38033,2723
Dell Latitude 5280 Core-i5-7th Gen 8 GB RAM 256 GB SSD 12.5″ Display,52477,50424,2053
Dell Latitude 5289 2-in-1 Core-i3 7th Gen 4 GB RAM 256 GB SSD Touchscreen 12.5″ Display,45084,42605,2479
Dell Latitude 5289 2-in-1 Core-i5 7th Gen 8 GB RAM 256 GB SSD Touchscreen 12.5″ Display,39694,36146,3548
Dell Latitude 5290 2 in 1  Core-i7-8th Gen 8 GB RAM 256 GB SSD Detachable 12.3″ Display,65050,61508,3542
Dell Latitude 5300 2-in-1 Core-i7-8th Gen 8GB RAM 256GB SSD  x360 13.3″ Display,68684,64583,4101
Dell Latitude 5310 Core-i5-10th Gen 8GB RAM 256GB SSD 13.3″ Display,70015,67756,2259
Dell Latitude 5310 Core-i7-10th Gen 8 GB RAM 256 GB SSD 13.3″ Display,78975,74725,4250
Dell Latitude 5410 Core-i5 10th Gen 8GB RAM 256GB SSD 14″ Display,67016,63850,3166
Dell Latitude 5430 Core-i7 12th Gen 16GB RAM 256GB SSD 14″ Display,141353,138459,2894
Dell Latitude 5440 Core-i3 4th 8GB RAM 256GB SSD 14″ Display,36547,33217,3330
Dell Latitude 5440 Core-i5-4th Gen 8 GB RAM 256 GB SSD 14″ Display,39016,36719,2297
Dell Latitude 5480 Core-i7-7th Gen 8GB RAM 256GB SSD 14″ Display,58990,55638,3352
Dell Latitude 5490 Core-i5-8th Gen 8 GB RAM 256 GB SSD 14″ Display,58062,53329,4733
Dell Latitude 5490 Core-i5-8th Gen 8GB RAM 256GB SSD NVIDIA GeForce MX130 2GB Graphics Card 14″ Display,57628,55628,2000
Dell Latitude 5490 Core-i7 8th Gen 8 GB RAM 256 GB SSD 14″ Display,73384,69346,4038
Dell Latitude 5491 Core-i5-8th (H) Gen 8 GB RAM 256 GB SSD 14″ Display,57585,54511,3074
Dell Latitude 5520 Core-i5 11th Gen 16GB RAM 256GB SSD 15.6″ Display,116234,113774,2460
Dell Latitude 5540 Core-i5-1340P 16GB RAM 512GB SSD 15.6″ Display,202395,199913,2482
Dell Latitude 5591 Core-i5-8th Gen 8 GB RAM 256 GB SSD 2 GB Nvidia Graphics Card MX130 15.6″ Display,73943,70204,3739
Dell Latitude 6440 Core-i7-4th Gen 8 GB RAM 256 GB SSD 14″ Display,49692,45120,4572
Dell Latitude 6530 Core-i7-3rd Gen 4GB RAM 256GB SSD NVIDIA NVS 5200M 1GB Card 15.6″ Display,37038,32921,4117
Dell Latitude 6540 Core-i5-4th Gen 8 GB RAM 256 GB SSD AMD RADEON HD 8790M 2GB CARD 15.6″ Display,42757,39264,3493
Dell Latitude 7250 Core-i5-5th Gen 8 GB RAM 256 GB SSD 12.5″ Display,34246,30534,3712
Dell Latitude 7250 Core-i7-5th Gen 8 GB RAM 256 GB SSD 12.5″ Display,38094,33772,4322
Dell Latitude 7290 Core-i5-7th Gen 8GB RAM 256GB SSD 12.5″ Display,46195,41544,4651
Dell Latitude 7300 Core-i5-8th Gen 8 GB RAM 256 GB SSD 13.3″Display,47080,43058,4022
Dell Latitude 7390 2-in-1 Core-i5-8th Gen 8GB RAM 256 GB SSD 13.3″ Touchscreen Display,59777,56323,3454
Dell Latitude 7400 2-in-1 Core-i7-8th Gen 16 GB RAM 256 GB SSD 14.1″ Touchscreen Display,100133,96971,3162
Dell Latitude 7400 Core-i5-8th Gen 8 GB RAM 256 GB SSD 14″ Display,67344,64103,3241
Dell Latitude 7400 Core-i7-8th Gen 8 GB RAM 256 GB SSD 14″ Display,60700,56960,3740
Dell Latitude 7410 2-in-1 Core-i7-10th Gen 16GB RAM 256GB SSD Touchscreen 14″ Display,106853,102623,4230
Dell Latitude 7420 Core-i5-11th Gen 16 GB RAM 256 GB SSD 14″ Display,109326,104393,4933
Dell Latitude 7430 Core-i7-12th Gen 16 GB RAM 256 GB SSD Touchscreen 14″ Display,156678,151891,4787
Dell Latitude 7450 Core-i5 5th Gen 4GB RAM 500GB HDD 14″ Display,41046,38468,2578
Dell Latitude 7450 Core-i7-5th Gen  8 GB RAM 256 GB SSD 14″ Display,40298,36110,4188
Dell Latitude 7450 Core-i7-5th Gen 8GB RAM 256GB SSD Nvidia GeForce 840M 2GB Graphics Card 14″ Display,47328,44412,2916
Dell Latitude 7480 Core-i5-6th Gen 8 GB RAM 256 GB SSD 14″ Display,46593,42082,4511
Dell Latitude E5250 Core-i5-5th Gen 8GB RAM 256GB SSD 12.5″ Display,37445,33378,4067
Dell Latitude E5270 Core-i5-6th Gen 8GB RAM 256GB SSD 12.5″ Display,34248,29325,4923
Dell Latitude E5430 Core-i3-2nd Gen 4GB RAM 250GB HDD 14″ Display,22687,18576,4111
Dell Latitude E5450 Core-i7-5th Gen 8 GB RAM 256 GB SSD 14″ Display,43776,40426,3350
Dell Latitude E5570 Core-i5-6th Gen 8GB RAM 256GB SSD AMD Radeon R7 M370 2GB Graphics Card 15.6″ Display,52914,50865,2049
Dell Latitude E6220 Core-i5-2nd 4GB RAM 250GB HDD 12.5″ Display,17824,15193,2631
Dell Latitude E6320 Core-i3-2nd Gen 4GB RAM 250 GB HDD 13.1″ Display,15987,12688,3299
Dell Latitude E6540 Core-i7-4th Gen 8GB RAM 256GB SSD AMD Radeon HD 8770M 2GB Graphics Card 15.6″ Display,48569,44965,3604
Dell Latitude E7440 Core-i7-4th Gen 8GB RAM 256GB SSD Touchscreen 14″ Display,43595,38896,4699
Dell Precision 3510 Core-i7-6th Gen 16GB RAM 256GB SSD 2GB AMD Radeon R9 M360 Graphics Card 15.6″ Display,61779,57485,4294
Dell Precision 3530 Core-i7-8th Gen 8 GB RAM 256 GB SSD P600 4 GB NVIDIA GRAPHICS CARD 15.6″ Display,120429,115650,4779
Dell Precision 3540 Core-i7-8th Gen 16GB RAM 256GB SSD 15.6″ Display,89436,86526,2910
Dell Precision 3540 Corei5-8th Gen 16GB RAM 512GB SSD 15.6″ Display,70333,65677,4656
Dell Precision 3541 Core-i5 9th Gen 16GB RAM 256GB SSD Nvidia Quadro  P620 4GB Graphics Card 15.6″ Display,104365,102232,2133
Dell Precision 3551 Core-i5-10th Gen 16 GB RAM 256 GB SSD NVIDIA Quadro P620 4GB Card Touchscreen 15.6″ Display,133746,129019,4727
Dell Precision 3560 Core-i5-11th Gen 32GB RAM 512GB SSD 2GB NVIDIA QUADRO T500 Graphics Card 15.6″ Display,157950,154236,3714
Dell Precision 3560 Workstation Laptop Core-i7-11th Gen 16GB RAM 256GB SSD 2GB Nvidia Quadro T500 Graphics Card 15.6″ Display,170938,165967,4971
Dell Precision 5510 Core-i5-6th Gen 8 GB RAM 256 GB SSD 2 GB Graphics Card 15.6″ Display,82214,78644,3570
Dell Precision 5530 Core-i7-8th Gen 32 GB RAM 256 GB SSD NVIDIA QUADRO P1000 4GB CARD 15.6 ” Display,137018,132481,4537
Dell Precision 5530 Mobile Workstation Core-i5-8th Gen 16 GB RAM 512 GB SSD NVIDIA QUADRO P1000 4 GB CARD Touch 4K 15.6″ Display,122473,118227,4246
Dell Precision 5540 Core-i7 9th Gen 32GB RAM 1TB Nvme SSD 4GB NVidia Quadro T1000 Graphic Card 15.6″ Display,151448,148905,2543
Dell Precision 5540 Mobile Workstation Core-i9-9th Gen 32GB RAM 1TB SSD 4GB Graphics Card 15.6″ 4K Display,158901,155771,3130
Dell Precision 5550 Core-i7-10th Gen 16GB RAM 1TB SSD Nvidia Quadro T1000 4GB Graphics Card 15.6″ Display,177682,173343,4339
Dell Precision 5550 Xeon W-10855M 64 GB RAM 1 TB SSD NVIDIA RTX A2000 4 GB Card 15.6″ Touch 4K Display,254409,251060,3349
Dell Precision 5750 Core-i7-10th Gen 16GB RAM 512GB SSD 4GB Nvidia Quadro T2000 Graphics Card 17″  Display,214482,210355,4127
Dell Precision 5770 Workstation Core-i9-12th Gen 32GB RAM 512GB SSD NVIDIA RTX A3000 12GB Graphics Card 17″ Touchscreen  Display,383069,379324,3745
Dell Precision 7520 Core-i5-7th Gen 16GB RAM 256GB SSD AMD Radeon Pro WX130 2GB Graphics Card 15.6″ Display,62524,59175,3349
Dell Precision 7520 Xeon E3-1505M 16GB RAM 512GB SSD Nvidia Quadro M1200 4GB Graphics Card 15.6″ Display,77930,74194,3736
Dell Precision 7550 Core-i7-10th GEN 16GB RAM 512SSD NVIDIA QUADRO T1000 4GB CARD 15.6″ Display,182208,178150,4058
Dell Precision 7550 Core-i7-10th Gen 16GB RAM 512GB SSD NVIDIA Quadro RTX4000 8GB Card GDDR6 15.6″ Display,249410,245571,3839
Dell Precision 7560 Workstation Xeon W-11855M 64GB RAM 512GB SSD NVIDIA RTX A3000 6GB Graphics Card 15.6″ Display,302095,299058,3037
Dell Precision 7560 Xeon W-11955M 11th Gen 64GB RAM 512SSD NVIDIA RTX A4000 8GB Graphics Card 15.6″ Display,310554,306035,4519
Dell Precision 7710 Mobile Workstation Core-i7-6th Gen 16 GB RAM 256 GB SSD NVIDIA QUADRO M5000M 8 GB DEDICATED GRAPHICS CARD 17.3″ Display,103049,99995,3054
Dell Precision 7750 Workstation Xeon W-10885M 64GB RAM 512GB SSD Nvidia Quadro RTX A3000 6GB Graphics Card 17.3″ Display,216324,213194,3130
Dell Precision 7750 Xeon W-10855M 64GB RAM 2 TBSSD NVMe NVIDIA RTX Quadro 4000 8GB Card 17.3″  Display,273983,270631,3352
Dell Precision 7760 Core-i7-11th GEN 64GB RAM 1TB SSD NVIDIA RTX A3000 6GB Card 17.3″ Display,281230,277566,3664
Dell Precision 7760 Core-i7-11th Gen 16GB RAM 512GB SSD 17.3″ Display,186813,182246,4567
Dell Precision 7770 Core-i7-10th Gen 16GB RAM 512GB SSD 17.3″ Display,146885,142734,4151
Dell Precision 7770 Workstation Laptop Core-i5-12th Gen 32GB RAM 512GB SSD Nvidia RTX A1000 4GB Graphics Card GDDR6 17.3″ Display,254467,249844,4623
Dell Precision M6600 Core-i7-2nd Gen 8GB RAM 256GB SSD NVIDIA Quadro 3000M 2GB 17.3″ Display,32699,30320,2379
Dell Vostro 15 3559 Core-i5-6th Gen 8 GB RAM 256 GB SSD 2 GB CARD AMD RAEDON R5M315 15.6″ Display,57087,53119,3968
Dell Vostro 7590 Core-i7-9th Gen 16GB RAM 512GB SSD NVidia GeForce GTX 1650 4GB Graphics Card 15.6″ Display,135053,132396,2657
Dell XPS  9370 Core-i5-8th Gen 8GB RAM 256GB SSD 13.3″ Display,76587,72103,4484
Dell XPS 15 9500 Comet Lake Core-i7-10th Gen 16GB RAM DDR4 512GB SSD NVMe Nvidia GeForce GTX 1650ti 4GB dedicated graphics Card 15.6″ Display,184285,182085,2200
Dell XPS 15 9500 Comet Lake Core-i9-10th Gen 16GB RAM DDR4 512GB SSD NVMe Nvidia GeForce GTX 1650ti 4GB Dedicated Graphics Card 15.6″ Display,200635,197653,2982
Fujitsu LIFEBOOK E754 Core-i5-4th Gen 4GB RAM 320GB HDD 15.6″ Display,26716,22637,4079
Fujitsu LifeBook E756 Core-i5-6th Gen 8 GB RAM 256 GB SSD 15.6″ Display,37685,34435,3250
HP  EliteBook 840 G5 Core-i7-8th Gen 16GB RAM 512GB SSD 500 Radeon 2GB Graphics Card 14″ Display,94544,91503,3041
HP 14bx0xx  X360 Core-i5-7th Gen 8 GB RAM 256 GB SSD 14″ Touchscreen Display,62107,59540,2567
HP 15 DA1017NY Core-i7-8th Gen 8 GB RAM 256 GB SSD 15.6″ Display,68617,64778,3839
HP 15-dy1xxx Core-i7-10th Gen 16 GB RAM 512 GB SSD 15.6″ Display,114167,109500,4667
HP 15-fc0025dx Laptop AMD Ryzen 5 7520U 8GB RAM 512GB SSD AMD Radeon Graphics 15.6″ HD Touch Screen Windows 11 (1 Year International Warranty),133492,129661,3831
HP 16-ag0070wm Pavilion Ryzen 7 8840U 3.3GHz AMD Radeon TM Graphics 8GB RAM 512GB SSD 16 Inch WUXGA Screen Win 11 Home Meteor Silver (1 Year International Warranty),168749,163785,4964
HP 17T-CN200 Laptop Core-i7-12th Gen 8GB RAM 512GB SSD 17.3″ Display,153941,151149,2792
HP EliteBooK 845 G9 RYZEN 5 6650 Processor 16 GB 256 GB 14″ Display,221248,218113,3135
HP EliteBook 1030 G2 X360 Core-i5-7th Gen 8 GB RAM 256 GB SSD  Touchscreen 13.3″ Display,71030,66282,4748
HP EliteBook 1040 G6 X360 Core-i7-8th Gen 16GB RAM 512GB SSD 14″ Touchscreen Display,100709,97852,2857
HP EliteBook 1040 G7 x360 Core-i7-10th Gen 16 GB RAM 256 GB SSD 14″ Touchscreen Display,125492,123060,2432
HP EliteBook 630 G10 Core-i7-13th Gen 32GB RAM 512GB SSD 13.3″ Display,227101,224866,2235
HP EliteBook 735 G5 Ryzen 3 8GB RAM 256GB SSD 13″ Display,55965,51138,4827
HP EliteBook 745 G5 AMD  Ryzen 7 2700U Pro 8 GB RAM 500 GB HDD 14″ Display,73009,70926,2083
HP EliteBook 745 G5 AMD Ryzen 3 Pro 2300U  8 GB RAM 256 GB SSD 14″ Display,55282,52584,2698
HP EliteBook 755 G3 AMD A8 A8-8600P 8GB RAM 256GB SSD 15.6″ Display,32710,28860,3850
HP EliteBook 755 G4 AMD Pro A10-8700B 8 GB RAM 256 GB SSD 15.6″ Display,52613,47634,4979
HP EliteBook 755 G5 AMD Ryzen 7 Pro 8GB RAM 256GB SSD 1GB AMD Radeon Vega 10 15.6″ Display,78214,75804,2410
HP EliteBook 820 G1 Core-i5-4th Gen 4 GB RAM 500 GB HDD 12.5″ Display,30418,27948,2470
HP EliteBook 820 G2 Core-i5-5th Gen 8 GB RAM 256 GB SSD 12.5″ Display,39245,35605,3640
HP EliteBook 820 G3 Core-i5-6th Gen 8 GB RAM 256 GB SSD 12.5″ Display,47419,44223,3196
HP EliteBook 830 G5 Core-i5-7th Gen 8 GB RAM 256 GB SSD 13.3″ Display,65273,62169,3104
HP EliteBook 830 G8 X360 Core-i5-11th Gen 8 GB RAM 256 GB SSD Touchscreen 13.3″ Display,113768,111165,2603
HP EliteBook 840 G1 Core-i7-4th Gen 8GB RAM 256GB SSD 14″ Display,43915,39649,4266
HP EliteBook 840 G2 Core-i5-5th Gen 8 GB RAM 256 GB SSD 14″ Display,39793,35522,4271
HP EliteBook 840 G3 Core-i7-6th Gen 8 GB RAM 256 GB SSD 14″ Display,50051,45181,4870
HP EliteBook 840 G4 Core-i5-7th Gen 8 GB RAM 256 GB SSD 14″ Touchscreen Display,67786,63695,4091
HP EliteBook 840 G5 Core-i5-7th Gen 8GB RAM 256GB SSD 14″ Display,60120,56560,3560
HP EliteBook 840 G6 Core-i5-8th Gen 8 GB RAM 256 GB SSD 14″ Display,68009,65007,3002
HP EliteBook 840 G7 Core-i5-10th Gen 8 GB RAM 256 GB SSD 14″ Display,86814,82432,4382
HP EliteBook 840 G7 Core-i7-10th Gen 16 GB RAM 256 GB SSD 14″ Display,101445,97036,4409
HP EliteBook 840r G4 Core-i5-8th Gen 8 GB RAM 256 GB SSD 14″ Display,72391,68474,3917
HP EliteBook 845 G7 AMD Ryzen 5 PRO 4750U 8 GB RAM 256 GB SSD 14″ Display,81897,76906,4991
HP EliteBook 850 G2 Core-i5-5th Gen 8 GB RAM 256 GB SSD 15.6″ Display,41318,36377,4941
HP EliteBook 850 G3 Core-i5-6th Gen 8GB RAM  256GB SSD 15.6″ Display,52759,50188,2571
HP EliteBook 850 G3 Core-i5-6th Gen 8GB RAM 256GB SSD Touchscreen 15.6″ Display,54198,50976,3222
HP EliteBook 850 G4 Core-i5-8th Gen 8GB RAM 256GB SSD 15.6″ Display,76425,71584,4841
HP EliteBook 850 G7 Core-i5-10th Gen 16GB RAM 256GB SSD Touchscreen 15.6″ Display,110700,105707,4993
HP EliteBook Folio 1040 G3 Core-i7-6th Gen 8GB RAM 256GB SSD 14″ Display,61348,57494,3854
HP EliteBook Folio 9470m Core-i5-3rd Gen 4 GB RAM 320 GB HDD 14″ Display,30515,26405,4110
HP Elitebook 830 G5 Core-i7-8th Gen 8 GB RAM 256 GB SSD 13.3″ Display,77929,73619,4310
HP Elitebook 840 G2 Core i7 5th Gen 8GB RAM 256GB SSD 14″ Display,45062,40407,4655
HP Envy 14-0013dx X360 Core-i5-13th Gen 8 GB RAM 512 GB SSD Touchscreen x360 15.6″ Display,185419,183051,2368
HP Envy X360 2 in 1 15-FE0053DX Core-i7-13th Gen 16 GB RAM 512 GB SSD Touchscreen 15.6″ Display,255681,251826,3855
HP NoteBook 15-da2xxx Core-i7-10th Gen 8 GB RAM 256 GB SSD GeForce MX13 2 GB GRAPHICS CARD 15.6″ Display,110564,105746,4818
HP NoteBook 17-by3xxx Core-i5-10th Gen 8 GB RAM 256 GB SSD 17.3″ Display,97704,94678,3026
HP NoteBook 250 G4 Intel® Core™ i5-5200U 5th Gen 4GB RAM 500GB HDD 15.6″ Display,41029,37339,3690
HP NoteBook 250 G5 Core-i5 6th Gen 8 GB RAM 256 GB SSD 15.6″ Display,50857,47687,3170
HP Notebook-15-bs061st Pentium N3710 4 GB RAM 320 GB SSD 15.6″Display,32361,28530,3831
"HP OMEN 16 WD0000nq Core-i5-13th Gen 13420H Processor 16GB RAM DDR5-5200 MHz 2 Slots,512GB SSD 6-GB NVIDIA GeForce RTX4050  144Hz 250nits,MicroEdge Display B&O Play Backlit KB D16.1″ Full HD IPS Display",285276,281515,3761
HP Omen 17t-W000 Core-i7-6th Gen 16GB RAM 512GB SSD NVIDIA® GeForce® GTX 960M 4GB Graphics Card 17.3″ Display,98984,95486,3498
HP Pavalion 17-by2XXX Core-i5-10th Gen 8 GB RAM 256 GB SSD 17.3″ Display,95707,91981,3726
HP Pavilion 14m dh1003dx x360 2 in 1 Core-i5-10th Gen 16GB RAM 256GB SSD Touchscreen 14″ Display,82651,79727,2924
HP Pavilion 15 15-au020wm Core-i5-6th Gen 8 GB RAM 256 GB SSD 15.6″ Display,47335,42379,4956
HP Pavilion 15 DY2095wm Core-i5-11th Gen 8 GB RAM 256 GB SSD 15.6″ Display,125478,122829,2649
HP Pavilion 15 ay055nx Core-i3-6th Gen 4GB RAM 500GB HDD 15.6″ Display,36546,32092,4454
HP Pavilion 15-DY2045NR Core-i5-11th Gen 16GB RAM 256GB SSD 15.6″ Display,103244,99449,3795
HP Pavilion 15-cs3xxx Core-i7-10th Gen 16 GB RAM 256 GB SSD Nvidia GeForce MX250 4 GB Card 15.6″ Display,134627,129774,4853
HP Pavilion 15CX0118TX Core-i5 8th Gen Gaming Laptop 8GB RAM 256GB SSD 4GB Nvidia GTX1050ti 15.6″ Display,125777,121078,4699
HP Pavilion 17-by3052cl Core-i5-10th Gen 8 GB RAM 256 GB SSD 17.3″ Display,94365,89678,4687
HP Pavilion Gaming Laptop 16-a0xxx Core-i5-10th Gen 16 GB RAM 512 GB SSD Nvidia GeForce GTX 1660ti  16.1″ Display,158760,154523,4237
HP Pavilion Laptop 15-dw3xxx Core-i3-11th Gen 16GB RAM 256GB SSD 15.6″ Display,82802,79168,3634
HP ProBook 11 G1 Celeron 3205U 4GB RAM 128GB SSD 11.6″ Display,24129,20822,3307
HP ProBook 440 G0 Notebook Core-i5-3rd 4 GB RAM 320 GB HDD 14″ Display,28030,25587,2443
HP ProBook 440 G3 Core-i7-6th Gen 8 GB RAM 256 GB SSD 14″ Display,54605,50788,3817
HP ProBook 440 G5 Core-i5-8th Gen 8 GB RAM 500 GB HDD 14″ Display,50209,47190,3019
HP ProBook 440 G9 Core-i5-12th Gen 16GB RAM 512GB SSD 14″ Display,139909,136694,3215
HP ProBook 440 G9 Core-i7-12th Gen 16GB RAM 256GB SSD 14″ Display,139255,136225,3030
HP ProBook 445 G9 Ryzen 5 5625U AMD Radeon 8 GB RAM 256 GB SSD 14″ Display,103791,99574,4217
HP ProBook 450 G1 Core-i7-4th Gen 8 GB RAM 500 HDD 15.6″ Display,43813,41748,2065
HP ProBook 450 G3 Core-i5-6th Gen 8 GB RAM 256 GB SSD 15.6″ Display,49489,47129,2360
HP ProBook 450 G4 Core-i3-7th Gen 8GB RAM 256GB SSD 15.6″ Display,47699,43720,3979
HP ProBook 450 G4 Core-i5-7th Gen 8GB RAM 256GB SSD 15.6″ Display,56188,52679,3509
HP ProBook 450 G5 Core-i5-7th Gen 8 GB RAM 256 GB SSD 15.6″ Display,61595,56832,4763
HP ProBook 450 G5 Core-i5-8th Gen 8GB RAM 256GB SSD Nvidia GeForce 930mx 2GB Graphics Card 15.6″ Display,80279,76432,3847
HP ProBook 450 G6 Core-i5-8th Gen 8 GB RAM 256 GB SSD 15.6″ Display,70182,65768,4414
HP ProBook 450 G7 Core-i5-10th Gen 16GB RAM 256GB SSD 15.6″ Display,89109,84691,4418
HP ProBook 450 G8 Tiger Lake Core-i5-11th Gen 8 GB RAM 256 GB SSD 15.6″ HD  Display,109661,105908,3753
HP ProBook 455 G2 AMD PRO A6 PRO A6-7050B 8GB RAM 256GB SSD 15.6″ Display,33481,29413,4068
HP ProBook 455 G3 AMD A8-Series 7410 4GB RAM 500 GB HDD 15.6″ Display,34369,32310,2059
HP ProBook 640 G1 Core-i5-4th Gen 8GB RAM 256GB SSD 14″ Display,34865,32175,2690
HP ProBook 640 G2 Core-i5-6th Gen 8GB RAM 256GB SSD 14″ Display,39141,35793,3348
HP ProBook 640 G3 Corei5-7th Gen 8 GB RAM 256 GB SSD 14″ Display,51614,48400,3214
HP ProBook 640 G3 Intel® Core™ i3-7100U 7th Gen 8GB RAM 256GB SSD 14″ Display,41939,37116,4823
HP ProBook 640 G5 Core-i5-7th Gen 8GB Ram 256GB SSD 14″ Display,61064,58247,2817
HP ProBook 640 G7 Core-i7-10th Gen 16GB RAM 256GB SSD 14″ Display,101485,99037,2448
HP ProBook 640 G8 Core-i5-11th Gen 16 GB RAM 256 GB SSD 14″ Display,101883,99512,2371
HP ProBook 645 G1 AMD A6-5350M 4GB RAM 128GB SSD 14″ Display,29389,26399,2990
HP ProBook 650 G1 Core-i5-4th Gen 4 GB RAM 500 GB HDD 15.6″ Display,37251,33866,3385
HP ProBook 650 G1 Core-i7-4th Gen 8GB RAM 256GB SSD AMD 8500M 1GB Graphics Card 15.6″ Display,43928,39470,4458
HP ProBook 650 G2 Core-i5-6th Gen 8 GB RAM 256 GB SSD 15.6″ Display,44930,42491,2439
HP ProBook 650 G3 Core-i5-7th Gen 8GB RAM 256 GB SSD 15.6″ Display,54602,50730,3872
HP ProBook 650 G5 Core-i5-8th Gen 8 GB RAM 256 GB SSD 15.6″ Display,68919,63984,4935
HP ProBook 650 G8 Core-i5-11th Gen 16GB RAM 256GB SSD 15.6″ Display,112954,109468,3486
HP ProBook 655 G2 AMD PRO A10 PRO A10-8700B 8GB RAM 256GB SSD 15.6″ Display,36636,33970,2666
HP ProBook 6550B Core-i3-1st Gen 4GB RAM 250GB HDD 15.6″ Display,18391,15479,2912
HP Probook 430 G7 Core-i5 10th Gen 8 GB RAM 256 GB SSD 13.3″ Display,80235,75849,4386
HP Spectre Pro X360 Core-i7-5th Gen 8GB RAM 256GB SSD Touchscreen 13.3″ Display,65908,60965,4943
HP VICTUS 15 FA0033DX Gaming Laptop Core-i5-12th Gen 8GB RAM 512GB SSD NVIDIA GeForce RTX 3050 4GB Graphics Card 15.6″ Display (Box Pack with 1 year International Warranty),183819,179979,3840
HP Victus Gaming Laptop 15-fa0xxx Core-i7-12th Gen 16 GB RAM 512 GB SSD NVIDIA RTX 3050Ti 4GB Graphics Card 15.6″ Display,225475,222315,3160
HP ZBOOK 14 G2 Core-i7-5th Gen 8 GB RAM 256 GB SSD 2 GB CARD AMD FIRE PRO 4150 14″ Display,65176,63106,2070
HP ZBook 15 G5 Core-i7-8th Gen 16GB RAM 512GB SSD Nvidia Quadro P2000 4GB Graphics Card 15.6″ 4K Display,141617,138984,2633
HP ZBook 15u G3 Mobile Workstation Core-i7-6th Gen 16GB RAM 256GB SSD AMD FirePro W4190M 2GB Graphics Card 15.6″ Display,69047,67047,2000
HP ZBook 17 G6 Mobile Workstation Core-i7-9th GEN 32 GB RAM 512 GB SSD NVIDIA® Quadro® RTX 4000 8 GB CARD 17.3″ Display,206682,203493,3189
HP ZBook Firefly 14 G8 Core-i5-11th Gen 16GB RAM 256GB SSD 14″ Display,115202,110215,4987
HP ZBook Studio G3 Core-i7-6th Gen 16GB RAM 512GB SSD Nvidia Quadro M1000M 4GB GDDR5 15.6″ Display,102791,98815,3976
HP ZBook Studio G7 Mobile Workstation Core-i7-10th Gen 16 GB RAM 512 GB SSD NVIDIA Quadro T1000 4 GB CARD 15.6″ Display,184988,181654,3334
HP ZBook Studio x360 G5 Convertible Workstation Core-i5-8th Gen 16GB RAM 512GB SSD Nvidia Quadro 4GB Graphics Card 15.6″ Display,141523,138630,2893
HP Zbook 17 G2 Core-i7-4th Gen 8 GB RAM 256 GB SSD 2 GB Card K1100 17.3″ Display,64125,59531,4594
HP Zbook Fire Fly G7 Core-i7-10th Gen 16GB RAM DDR4 512GB SSD Nvidia Quadro P520 4GB Graphics Card Touchscreen 15.6″ Display,176403,174300,2103
HP Zbook Power G10 Core-i7-13th Gen 13700H 16 GB RAM 512 GB SSD Nvidia RTX A500 4 GB Card 15.6″ Touchscreen Display,434854,431721,3133
Hp EliteBook X360 1030 G7 Core-i7-10th Gen 16GB RAM 512GB SSD 13.3″ Display,137698,135676,2022
Lenovo 100E Chromebook 2nd Gen 4 GB RAM 320 GB HDD 11.6″ Display,19206,16540,2666
Lenovo Flex 3 14 Core-i5-6th Gen 8 GB RAM 256 GB SSD 14″ Display,47420,44661,2759
Lenovo IdeaPad 1 AMD RYZEN 7 Processor 8 GB RAM 512 GB SSD  15.6″ Display,130909,126459,4450
Lenovo IdeaPad 110  Core-i3-6th Gen 8GB RAM 256GB SSD 15.6″ Display,40732,38446,2286
Lenovo IdeaPad 5 Core-i7-12th Gen 16 GB RAM 512 GB SSD NVIDIA GeForce MX550 2GB 15.6″ FHD Display,224110,220056,4054
Lenovo IdeaPad L340 Intel® Pentium® Gold 5405U 8GB RAM 128GB SSD 13″ Display,37097,33810,3287
Lenovo IdeaPad S400 Intel® Core™ i3-3rd Gen 4GB RAM 320GB HDD 14″ Display,23205,19088,4117
Lenovo IdeaPad Slim 3 Core i5 13th Gen 8 GB RAM 512 GB SSD Intel Integrated Graphics 15.6″ Full HD Touch Screen Windows 11 (Box Pack with 1 year International Warranty),150753,147396,3357
Lenovo Slim 7 16IAH7 82VB0002US Core-i7-12th Gen 12700H Processor 16 GB RAM 1 TB SSD A370M 4 GB Graphics Card Storm Grey Touchscreen  16″ Display,229256,224300,4956
Lenovo ThinkPad E14 Core-i7-10th Gen 8GB RAM 256GB SSD 14″ Display,84812,81028,3784
Lenovo ThinkPad E460 Core-i3-6th Gen 8 GB RAM 256 GB SSD 14″ Display,38606,36442,2164
Lenovo ThinkPad E540 Core-i5-4th Gen 8GB RAM 256GB SSD 15.6″ Display,32580,28326,4254
Lenovo ThinkPad E550 Core-i3-4th Gen 8 GB RAM 256 GB SSD 15.6″ Display,32364,27419,4945
Lenovo ThinkPad E570 Core-i5-7th Gen 8GB RAM 500GB HDD 15.6″ Display,42712,39281,3431
Lenovo ThinkPad E585 AMD Ryzen 3 8 GB RAM 256 GB SSD AMD VEGA 3 1 GB CARD 15.6″ Display,47975,45488,2487
Lenovo ThinkPad L13 Core-i5-10th Gen 8GB RAM 256GB SSD 13.3″ Display,70247,67949,2298
Lenovo ThinkPad L15 Gen 1 Core-i7-10th Gen 16GB Ram 256GB SSD 15.6″ Display,101620,96709,4911
Lenovo ThinkPad L380 Core-i3-8th Gen 8 GB RAM 256 GB SSD 13.3″ Display,45444,40505,4939
Lenovo ThinkPad L450 Core-i7-5th Gen 8GB RAM 256GB SSD AMD R5 M200 2GB Graphics Card 14″ Display,44592,42425,2167
Lenovo ThinkPad L460 Intel® Pentium® 4405U 8 GB RAM 256 GB SSD 14″ Display,31247,27826,3421
Lenovo ThinkPad L470  Core-i5-7th Gen 8 GB RAM 256 GB SSD 14″ Display,47049,43966,3083
Lenovo ThinkPad L470 Core-i5-6th Gen 8 GB RAM 256 GB SSD 14″ Display,53212,49579,3633
Lenovo ThinkPad L480 Core-i5-7th Gen 8 GB RAM 256 GB SSD 14″ Display,48118,44254,3864
Lenovo ThinkPad L530 Core-i5-3rd Gen 4GB RAM 320GB HDD 15.6″ Display,22354,17538,4816
Lenovo ThinkPad L560 Celeron 4 GB RAM 320 GB HDD 15.6″ Display,28862,24521,4341
Lenovo ThinkPad L570 Core-i3-7th Gen 8GB RAM 256GB SSD 15.6″ Display,40165,37831,2334
Lenovo ThinkPad L570 Core-i5-6th Gen 8 GB RAM 256 GB SSD 15.6″ Display,43574,39977,3597
Lenovo ThinkPad L580 Core-i5-8th Gen 8GB RAM 256GB SSD 15.6″ Display,71218,68367,2851
Lenovo ThinkPad L590 Core-i5-8th Gen 8GB RAM 256GB SSD 15.6″ Display,66071,63722,2349
Lenovo ThinkPad P50s Core-i7-6th Gen 8GB RAM 256GB SSD Nvidia Quadro M5000M 2GB Graphics Card 15.6″ Display,73193,70336,2857
Lenovo ThinkPad P51 Core-i7-7th Gen 8GB RAM 256GB SSD 15.6″ Display,74702,71560,3142
Lenovo ThinkPad P52s Mobile Workstation Core-i7-8th Gen 16GB RAM 512GB SSD NVIDIA Quadro P500 2GB CARD Touchscreen 15.6″ Display,95707,92052,3655
Lenovo ThinkPad P53 Laptop Core-i7-9th Gen 16 GB RAM 512 GB SSD NVIDIA® Quadro® T1000 4GB CARD 15.6″ Display,124697,121363,3334
Lenovo ThinkPad P70 Core-i7-6th Gen 16 GB RAM 512 GB SSD NVIDIA QUADRO M600M 2GB GRAPHICS CARD 17.3″ Display,79419,76298,3121
Lenovo ThinkPad P71 Mobile Workstation Core-i7-7th Gen 16 GB RAM 512 GB SSD NVIDIA QUADRO P3000 6GB GRAPHICS CARD 17.3′ Display,104422,101541,2881
Lenovo ThinkPad T430 Core-i5-3rd Gen 4GB RAM 320GB HDD 14″ Display,25993,23083,2910
Lenovo ThinkPad T440p Core-i5-4th Gen 8 GB RAM 256 GB SSD 14″ Display,45720,43245,2475
Lenovo ThinkPad T450s Core-i7-5th Gen 8GB RAM 256GB SSD 14″ Display,42322,39403,2919
Lenovo ThinkPad T470  Core-i7-7th Gen 8GB RAM 256GB SSD 14″ Display,47598,43922,3676
Lenovo ThinkPad T470 Core-i5-6th Gen 8 GB RAM 256 GB SSD 14″ Display,42392,39771,2621
Lenovo ThinkPad T490s Core-i5-8th Gen 8GB RAM 256GB SSD 14″ Display,64100,61935,2165
Lenovo ThinkPad T490s Core-i7-8th Gen 8GB RAM 256GB SSD 14″ Display,69571,66303,3268
Lenovo ThinkPad T550 Core-i7-5th Gen 8GB RAM 256GB SSD 15.6″ Display,47033,42281,4752
Lenovo ThinkPad X1 Carbon (Gen11) Core-i7-13th Gen 32 GB RAM 512 GB SSD 14″ Display IRIS XE Graphic,557624,554005,3619
Lenovo ThinkPad X1 Carbon Core-i7-4th Gen 8GB RAM 256GB SSD 14″ Display,44703,40398,4305
Lenovo ThinkPad X1 Carbon Core-i7-5th Gen 8GB RAM 256GB SSD 14″ Display,40123,37750,2373
Lenovo ThinkPad X1 Carbon Core-i7-7th Gen 16GB RAM 512GB SSD 14″ Display,80116,77966,2150
Lenovo ThinkPad X230 Core-i5-3rd Gen 4GB RAM 320GB HDD 12.5″ Display,27297,23174,4123
Lenovo ThinkPad X270 Core-i5-6th Gen 8GB RAM 256GB SSD 12.5″ Display,35250,30882,4368
Lenovo ThinkPad Yoga 11E x360 Core-M3-7th Gen 8 GB RAM 256 GB SSD Touchscreen 11.6″ Display,32371,28876,3495
Lenovo ThinkPad Yoga 15 Core-i7-5th Gen 8GB RAM 256GB SSD 2GB GeForce 840M Graphics Card Touchscreen 15.6″ Display,56238,52597,3641
Lenovo ThinkPad Yoga X360 14 Core-i5-5th Gen 8 GB RAM 256 GB SSD Touchscreen x360 14″ Display,50319,45940,4379
Lenovo ThinkPad t460s Core-i5-6th Gen 8 GB RAM 256 GB SSD 14″ Display,41853,39590,2263
Lenovo ThinkPad t470s Core-i5-7th Gen 8 GB RAM 256 GB SSD 14″ Display,44297,39829,4468
Lenovo Thinkpad T580 Core-i7-8th Gen 16GB RAM 256GB SSD 15″ Display,79841,75696,4145
Lenovo V15 G4 IRU Core-i3-13th Gen 8 GB RAM 256 GB SSD 15.6″ Display,115423,112643,2780
Lenovo Yoga 2 Pro x360 Core-i5-4th Gen 8 GB RAM 256 GB SSD Touchscreen x360 13.3″ Display,34079,30920,3159
Lenovo Yoga 260 X360 Core-i5-6th Gen 8 GB RAM 256 GB SSD  Touchscreen 12.5″ Display,49640,45090,4550
Macbook Pro M3 A2918 8GB 512GB SSD 14″ Dispaly (Box Pack Non Active),502019,498685,3334
