title,old_price,new_price,increase_amount
ASUS G752VS Core-i7 6th Gen 16 GB RAM 512 GB SSD 960 2GB Graphics Card 17.3″ Display,104449,107922,3473
ASUS K535V-SX126V  Intel® Core™ i5 -2410M 2nd Gen 4GB RAM 500GB HDD NVIDIA® GeForce® GT 540M 1GB Graphics Card 15.6″ Display,29664,37423,7759
ASUS VivoBook X202E Core-i5-3rd Gen 4GB RAM 250GB HDD 11.6″ Display,24587,30727,6140
Acer Aspire 17 8943 Core-i5-1st Gen 4GB RAM 500GB HDD 1GB AMD 5000 Graphics Card 17″ Display,19916,22785,2869
Acer Aspire E5-575G  Core-i5-6th Gen 8GB RAM 256GB SSD 15.6″ Display,33380,39895,6515
Acer Nitro 5 AN515-51 Core-i5-7th Gen 7300HQ 16 GB RAM 256 GB SSD NVIDIA GeForce GTX 1050 4 GB CARD 15.6″ Display,118769,123865,5096
Acer TravelMate P278 Core-i5-6th Gen 8 GB RAM 256 GB SSD 17.3″ Display,53370,60462,7092
Apple MacBook  Pro A1989 2019 Core-i5 16 GB RAM 512 GB SSD 13.3″ Display,186407,189601,3194
"Apple MacBook Air (M2, 2022) 8GB RAM 256GB SSD 13.6″ Display",213257,216997,3740
Apple MacBook Air 2020 Core-i3 8GB RAM 256GB SSD 13.3″ Display Space Gray,111598,115475,3877
Apple MacBook Air MC7U4 M2 8-Core Chip 16GB RAM 256GB SSD 13.6″ Liquid Retina Display M2 8-Core GPU Touch ID Space Gray (1Year International Warranty),267333,273255,5922
Apple MacBook Air MC8G4 M3 8-Core Chip 16GB RAM 256GB SSD 13.6″ Liquid Retina IPS LED Display 8-Core GPU Touch ID Space Gray (1 Year International Warranty),307582,313113,5531
Apple MacBook Air MC8K4 M3 8-Core Chip 16GB RAM 256GB SSD 13.6″ Liquid Retina IPS LED Display 8-Core GPU Midnight (1 Year International Warranty) (On Order),306070,313054,6984
Apple MacBook Air MGN63 M1 8-Core Chip 8GB RAM 256GB SSD 13.3″ Liquid Retina IPS LED Display 7-Core GPU Touch ID Space grey  (1 Year International Warranty),216595,224438,7843
Apple MacBook Air MLY13 M2 8-Core Chip 8GB RAM 256GB SSD 13.6″ Liquid Retina IPS LED Display 8-Core GPU Touch ID Starlight (1 Year International Warranty) (On Order),249891,255288,5397
Apple MacBook Air MLY33 M2 8-Core Chip 8GB RAM 256GB SSD 13.6″ Liquid Retina IPS LED Display  8-Core GPU Midnight  (1 Year International Warranty) (On Order),264110,269132,5022
Apple MacBook Air MRXN3 M3 8-Core Chip 8GB RAM 256GB SSD 13.6″ Liquid Retina IPS LED Display 8-Core GPU Touch ID Space Grey (1 Year International Warranty) (On Order),285022,288723,3701
Apple MacBook Air MRXV3 M3 8-Core Chip 8GB RAM 256GB SSD 13.6″ Liquid Retina IPS LED Display 8-Core GPU Touch ID  Midnight  (1 Year International Warranty) (On Order),279232,282342,3110
Apple MacBook Air MXCR3 M3 (2024) 8-Core Chip 16GB RAM 512GB SSD 13.6 Liquid Retina Display 10-Core GPU Space Grey (1 Year International Warranty),375000,379664,4664
Apple MacBook Air MXCV3 (2024) M3 8-Core Chip 16GB RAM 512GB SSD 13.6″ Liquid Retina Display 10-Core GPU Touch ID Midnight (1 Year International Warranty) (On Order),381060,387020,5960
"Apple MacBook Pro 2013 Core-i7 16 GB RAM 256 GB SSD Retina, 1GB Graphics Card 13″ Display Late",72685,80501,7816
Apple MacBook Pro 2016 Core-i7 16GB RAM 500GB SSD 13″ Display Space Gray,122374,130294,7920
Apple MacBook Pro 2019 Core-i9 32 GB RAM 1 TB SSD 4 GB Radeon Pro 555X Touch Bar15″ Display,258646,260744,2098
"Apple MacBook Pro A1398 2014 Core-i7 16GB RAM 256GB SSD NVIDIA GeForce GT 750M 2GB Retina, 16″ Display Mid",78400,84217,5817
Apple MacBook Pro A1708 2017 Core-i5 8 GB RAM 256 GB SSD 13.3″ Display,80685,84626,3941
Apple MacBook Pro A2141 2019 Core-i9 16 GB RAM 1TB SSD Radeon Pro Vega 16 4GB Card 16″ Display,242201,245526,3325
Apple MacBook Pro MPHG3 M2 Max 12-Core Chip (2023) 32GB RAM 1TB SSD 14″ Liquid Retina XDR Display 30-Core GPU Touch ID Space Gray (1 Year International Warranty),775838,781674,5836
Apple MacBook Pro MW2U3 Apple M4 Chip 16GB RAM 512GB SSD Liquid Retina XDR 14″ Display Space Black,495869,501829,5960
Apple MacBook Pro MW2V3 M4 10-Core Chip 16GB RAM 1TB SSD 14″ Liquid Retina XDR display 10-Core GPU Space Black (1 Year International Warranty) (On Order),495000,500936,5936
Apple MacBook Pro MX2F3 M4 Pro 14-Core Chip 24 GB RAM 1TB SSD 14″ Liquid Retina XDR display 20-Core GPU Silver (1 Year International Warranty) (On Order),697481,700872,3391
Apple MacBook Pro MX2J3 M4 Pro 14-Core Chip 24GB RAM 1TB SSD 14″ Liquid Retina XDR display 20-Core GPU Space Black (1 Year International Warranty) (On Order),686888,694740,7852
Apple MacBook Pro Z174001X7 M2 Max 12-Core Chip (2023) 96GB RAM 2TB SSD 16″ Liquid Retina XDR Display 38-Core GPU Touch ID Space Grey (1 Year International Warranty),1260000,1262970,2970
Apple Macbook Pro 2012 Core-i7 16GB RAM 240GB SSD 13.3″ Silver Color Display Mid,55243,61741,6498
Asus A5305V Core-i5-2nd Gen 8GB RAM 256GB SSD 1GB GT 540M Graphics Card 15.6″ Display,31987,34232,2245
Asus ROG GL552VW-FI485T Core-i7-6th GEN 16 GB RAM 256 GB SSD 2 GB Card GEFORCE GTX 960M 15.6″ Display,93085,95462,2377
Bran New! Dell Latitude 5540 Core-i7-13th Gen 1370P 16GB RAM 512GB SSD 2GB Graphics Card MX550 15.6″ Display (Official Card Warranty),384293,390605,6312
Brand New! ASUS TUF Gaming A16 FA608WV-RL055W AMD Ryzen AI 9 HX370 32GB RAM DDR5 1TB Nvme M.2 Nvidia GeForce RTX 4060 8GB Graphics Card 16.0″ Display RGB B/L KB WIN 11 GREY (2 Year International Warranty),541792,549381,7589
Brand New! ASUS TUF Gaming F15 FX507VI-LP062 Intel Core-i7-13620H 13th Gen 16GB RAM DDR5 1TB SSD Nvme M.2 Nvidia GeForce RTX 4070 8GB Graphics Card 15.6″ Display RGB B/L KB DOS GREY (2 Year Official Warranty),397000,401790,4790
Brand New! ASUS TUF Gaming F15 FX507VU-LP150 Intel Core-i7-13620H 13th Gen 16GB RAM DDR5 512GB SSD Nvme M.2 Nvidia GeForce RTX 4050 8GB Graphics Card 15.6″ FHD Display RGB B/L KB DOS GREY (2 Year Official Warranty),331960,334484,2524
Brand New! ASUS TUF Gaming F17 FX707VU-HX175 Intel Core-i7-13620H 13th Gen 16GB RAM DDR5 512GB SSD Nvme M.2 Nvidia GeForce RTX 4050 8GB Graphics Card 17.3″ Display RGB B/L KB DOS GREY (2 Year Official Warranty),346654,353959,7305
Brand New! ASUS TUF Gaming F17 FX707VV-HX451 Intel Core-i7-13620H 13th Gen 16GB RAM DDR5 512GB SSD Nvme M.2 Nvidia RTX 4060 8GB Graphics Card 17.3″ Display RGB B/L KB DOS GREY (2 Year Official Warranty),377901,380968,3067
Brand New! Acer Nitro V 15 ANV15-51-95FB Gaming Laptop Core-i9-13th Gen 13900H 16GB RAM DDR5 512GB SSD NVIDIA RTX 4060 8GB Graphic Card 15.6″ FHD IPS 144Hz  Win 11 (1 Year Official Card Warranty) ( Limited Stock),331803,339414,7611
"Brand New! Acer Predator Helios 16 PH16-72-97T1 Gaming Laptop Core-i9-14th Gen 14900HX 32GB RAM DDR5 1TB SSD NVIDIA RTX 4080 12GB Graphics Card 16″ WQXGA IPS 240Hz, Win 11 (2 Year Official Warranty) ( On Order)",721933,724022,2089
Brand New! Acer Predator Helios 16 PHN16-72-97FL Gaming Laptop Core-i9-14th Gen 14900HX 16GB RAM DDR5 1TB SSD NVIDIA RTX 4060 8GB Graphics Card 16″ WQXGA IPS 240Hz Win 11 (2 Year Official Warranty),428911,434891,5980
"Brand New! Acer Predator Triton Neo 16 PTN16-51-96GK Gaming Laptop Ultra 9-185H, 32GB RAM DDR5 1TB SSD NVIDIA RTX 4060 8GB Graphics Card 16″ WQXGA IPS 240Hz, Win 11 (2 Year Official Warranty)",460552,464743,4191
"Brand New! Asus ROG Strix G16 G614JV Gaming Laptop Core-i9-14th Gen 14900HX 16GB RAM 1TB SSD NVIDIA RTX 4060 8GB Graphics Card 16″ IPS QHD+ 240Hz, BACKLIT KEYBOARD  WINDOWS 11 (1 Year International Warranty)",529444,534145,4701
Brand New! Asus TUF Gaming F15 FX507VV-LP299 Intel Core-i7-13620H 13th Gen 16GB RAM DDR5 512GB SSD Nvme M.2 Nvidia GeForce RTX 4060 8GB Graphics Card 15.6″ FHD Display RGB B/L KB DOS GREY (2 Year Official Warranty),360105,366240,6135
Brand New! Asus TUF Gaming FX707VV-HX199 Intel Core-i7-13620H 13th Gen 16GB RAM DDR5 512GB SSD Nvme M.2 Nvidia GeForce RTX 4060 8GB Graphics Card 17.3″ Display RGB B/L KB DOS GREY (2 Year Official Warranty),375167,378003,2836
Brand New! Dell G15 5530 Gaming Laptop Core-i7-13th Gen 13650HX 16GB RAM 1TB SSD NVIDIA RTX 4060 8GB Graphics Card 15.6″FHD 165Hz W11 BLK (1 Year International Warranty) ( On Order),335517,342425,6908
Brand New! Dell Inspiron 3530 Intel Core-i5-13th Gen 8GB RAM 512GB SSD 15.6″FHD DOS (1 Year Official Card Warranty),147138,150589,3451
Brand New! Dell XPS 9640 Laptop Intel Core Ultra 7 Processor 155H 16GB LPDDR5x 512GB SSD M.2 NVIDIA GeForce RTX 4050 6GB Graphics Card Backlit Keyboard Fingerprint Reader Windows 11 Pro 16.3″ FHD Display (1 Year International Warranty),463711,468618,4907
Brand New! HP 15-DY5885wm Intel Core-i5 12th Gen 8GB RAM 256GB SSD 15.6″ FHD LED Display (1 year International Warranty),122973,129717,6744
Brand New! HP 15-FD0371NIA Intel Core-i7-1355U 13th-Gen 8GB RAM 512GB SSD 15.6″FHD  DOS (1 Year International Warranty),179679,185215,5536
Brand New! HP 15s FQ5318TU Core-i5-12th Gen 8GB RAM 512GB SSD 15.6″ Display (1 year International Warranty),159382,164265,4883
Brand New! HP EliteBook 640 G10 Intel Core- i5-1355U 13th-Gen 8GB RAM 512GB SSD FPR BL/KB DOS 14″FHD Display (1Year International Warranty),208708,216682,7974
"Brand New! HP Envy X360 2-in-1 14-FC0023DX Laptop Intel Core Ultra 7 155U 16GB RAM 1TB SSD 14″ WUXGA IPS Touch Screen, Windows 11 Home, ENGLISH KEYBOARD METEOR SILVER (1 Year International Warranty)",254689,259064,4375
Brand New! HP Omen 16-AE0073CL Gaming Laptop Core-i7-14th Gen 14650HX 32GB RAM 1TB SSD NVIDIA RTX 4060 8GB Graphics Card 16.1″FHD 144Hz W11 SILVER (1 Year International Warranty),367428,370429,3001
Brand New! HP Pavilion x360 2-in-1 Laptop 14-EK0073DX Core-i5-12th Gen 8 GB RAM 512 GB SSD Touchscreen 14″ Display (1 year International Warranty),182640,189413,6773
"Brand New! HP ProBook 440 G11 Intel® Core™ Ultra 5 Processor 125U 8GB DDR5 Ram, 512GB SSD NVMe Backlit Keyboard 14″ WUXGA IPS Display (1 Year International Warranty)",207771,213825,6054
"Brand New! HP Spectre X360 14-EU0059TU Intel Core Ultra 7-155H 16GB RAM DDR5 512GB SSD 14″ Diagonal, 2.8K OLED Touchscreen Display Nightfall Black Window 11 (1 Year Local Card Warranty)",418000,423282,5282
Brand New! HP Spectre x360 F2013DX Intel Core-i7-13700H 13th-Gen 16GB RAM 512GB SSD 16” 3K+IPS Touch Screen Display  W11 PEN (1 Year International Warranty),338511,341861,3350
Brand New! Lenovo ThinkPad E16 Gen 1 Core i7-1355U 8GB ram 512GB SSD  Intel Iris Xe Graphics 16″ screen display ( 1 Year International Warranty ),249760,254391,4631
Brand New! Lenovo ThinkPad E16 Gen 2 Intel Core Ultra 5-125U 8GB RAM 512GB SSD 16″ WUXGA BL/KB (1 Year International Warranty),231969,234674,2705
Brand New! Lenovo v15 G3 IAP Core i5 12th Gen 8GB RAM 512GB SSD 15.6″ FHD Display (Box Pack with 1 Year International Warranty),156123,160270,4147
"Brand! HP Envy X360 14-FA0023DX AMD Ryzen 7-8840HS 16GB RAM 1TB SSD AMD Radeon Graphics 14.1″ WUXGA IPS Touch Screen, Windows 11 Home,  Backlit KB, Glacier Silver (1 Year International Warranty)",228665,235036,6371
DELL Latitude 3350 Core-i5-5th Gen 8GB RAM 256GB SSD 13.3″ Display,40117,42786,2669
DELL Latitude 5270 Core-i7 6th Gen 8GB RAM 256GB SSD 12″ Display,34999,41334,6335
DELL Latitude 5491 Core-i7-8th Gen 8GB RAM 256GB SSD Nvidia GeForce MX130 2GB Graphics Card 14″ Display,77644,80155,2511
DELL Latitude 5580 Core-i5-7th Gen 8GB RAM 256GB SSD Nvidia GeForce 930MX 2GB Graphics Card 15.6″ Display,50000,56262,6262
DELL Latitude 5580 Intel® Core™ i3-7100U 7th Gen 8GB RAM 256GB SSD 15.6″ Display,48840,55650,6810
DELL Precision 7510 Core-i7-6th Gen 16 GB RAM 256 GB SSD NVIDIA QUADRO M2000M 4GB CARD 15″ Display,81090,83090,2000
DELL Precision 7530 Intel Xeon 16 GB RAM 512 GB SSD 4GB NVIDIA® Quadro® P2000 Graphics Card 15.6″ Display,116488,122357,5869
DELL Studio 1747 Intel® Core™ i7-720QM 1st Gen 4GB RAM 320GB HDD 17.3″ Display,20000,24489,4489
DELL XPS 13-L321x Core-i5-2nd Gen 8GB RAM 128GB SSD 13.3″ Display,33928,37607,3679
Dell  Latitude 3300 Core-i5-8th Gen 8GB RAM 256GB SSD Touchscreen 13.3″ Display,49517,53038,3521
Dell Alienware 17 R5 Core-i7-8th Gen 16 GB RAM 512 GB SSD NVIDIA® GeForce® GTX 1070 8GB Card 17.3″ Display,179999,186259,6260
Dell G15-5515 Gaming Laptop AMD Ryzen5-5600H 16 GB RAM 512 GB SSD Nvidia RTX 3050 (4Gb Gddr6) 15.6″ Display,158888,161433,2545
Dell Inspiron  3511 Core-i5-10th Gen 8GB RAM 256GB SSD 15.6″ Display,78473,86353,7880
Dell Inspiron 15 2-in-1 7591 x360 Core-i5-10th Gen 8 GB RAM 512 GB SSD Touchscreen 15.6″ Display,120000,126116,6116
Dell Inspiron 15 3520 Core-i5-12th Gen 8 GB RAM 256 GB SSD 15.6″ Display,125000,130674,5674
Dell Inspiron 15 5567 Core-i5-7th Gen 8 GB RAM 256 GB SSD 15.6″ Display,55000,61258,6258
Dell Inspiron 15 7500 Core-i5-10th Gen 16 GB RAM 512 GB SSD TouchScreen x360 15.6″ Display,117195,122554,5359
Dell Inspiron 3501 Core-i5 10th Gen 8GB RAM 256GB SSD 15.6″ Display,80000,83103,3103
Dell Inspiron 3511 Core-i3-11th Gen 16GB RAM 256GB SSD 15.6″ Display,63465,70257,6792
Dell Inspiron 3537 Core-i5-4th Gen 8GB RAM 500GB HDD 15.6″ Display,38792,42857,4065
Dell Inspiron 3542 Core-i3-4th Gen 8GB RAM 256 GB SSD 15.6″ Touchscreen Display,36196,44093,7897
Dell Inspiron 3543 Core-i5-5th Gen 8GB RAM 500GB HDD 15.6″ Display,32213,35253,3040
Dell Inspiron 3580 Intel® Celeron® 4205U 8GB RAM 1TB HDD 15.6″ Display,34725,41889,7164
Dell Inspiron 3585 AMD Ryzen 3 8 GB RAM 256 GB SSD 15.6″ Display,45356,52738,7382
Dell Inspiron 5566 Core-i7-6th Gen 8GB RAM 256GB SSD 15.6″ Display,57487,64294,6807
Dell Inspiron 7373 Intel Core-i7-8th Gen 8GB RAM 256GB SSD Touch X360 13.3″ Display,82787,90503,7716
Dell Inspiron G7 7588 Gaming Laptop Core-i7 8th Gen 8GB RAM 256GB SSD 6GB Nvidia GeForce 1060 15.6″ Display,140596,144768,4172
Dell Latitude  5511 Core-i7-10th Gen 32GB RAM 1TB SSD Nvidia GeForce MX250 2GB Graphics Card 15.6″ Display,154450,158952,4502
Dell Latitude  5520 Core-i7-11th Gen 16GB RAM 256GB SSD 15.6″ Display,142460,148489,6029
Dell Latitude 3340 Core-i3 4th Gen 8 GB RAM 256 GB SSD 13.3″ Display,41683,43801,2118
Dell Latitude 3380 Core-i3-7th Gen 8GB RAM 256GB SSD Touchscreen 13.3″ Display,34623,41505,6882
Dell Latitude 3390 2-in-1 Intel Core i3-7th Gen 8GB RAM 256GB SSD Touch Screen X360 13.3″ Display,39276,44774,5498
Dell Latitude 3410 Core-i5-10th 8 GB RAM 256 GB SSD 14″ Display,72068,77480,5412
Dell Latitude 3420 Core-i5-11th Gen 8 GB RAM 256 GB SSD 14″ Display,89218,91910,2692
Dell Latitude 3450 Core-i3-5th Gen 4GB RAM 128GB SSD 14″ Display,30340,35286,4946
Dell Latitude 3490 Core-i3-6th Gen 8GB RAM 256GB SSD 14″ Display,30494,35867,5373
Dell Latitude 3490 Core-i7-8th Gen 8 GB RAM 256 GB SSD 14″ Display,55629,57939,2310
Dell Latitude 3500 Core-i5 8th Gen 8GB RAM 256GB SSD 15.6″ Display,59516,63949,4433
Dell Latitude 3520 Core-i5-11th Gen 16 GB RAM 256 GB SSD 15.6″ Display,115096,122440,7344
Dell Latitude 3550 Core-i5-5th Gen 8GB RAM 256GB SSD 15.6″ Display,49590,53953,4363
Dell Latitude 3580 Core-i5-7th Gen 8GB RAM 256GB SSD 15.6″ Display,42881,46342,3461
Dell Latitude 3580 Core-i7-7th Gen 8GB RAM 256GB SSD 15.6″ Display,61713,69536,7823
Dell Latitude 5280 Core-i5-7th Gen 8 GB RAM 256 GB SSD 12.5″ Display,46595,50247,3652
Dell Latitude 5289 2-in-1 Core-i7-7th Gen 8GB RAM 256GB SSD Touchscreen 12.5″ Display,45062,50793,5731
Dell Latitude 5300 2-in-1 Core-i7-8th Gen 8GB RAM 256GB SSD  x360 13.3″ Display,68417,75879,7462
Dell Latitude 5300 Core-i5-8th Gen 8 GB RAM 256 GB SSD 13.3″ Display,44999,49426,4427
Dell Latitude 5401 Core-i7-9th Gen 16 GB RAM 256 GB SSD NVIDIA GeForce MX150 2GB Card 14″ Display,88170,95146,6976
Dell Latitude 5411 Core-i5-10th Gen 16GB RAM 256GB SSD 14″ Display,104749,106981,2232
Dell Latitude 5430 Core-i7 12th Gen 16GB RAM 256GB SSD 14″ Display,146227,150293,4066
Dell Latitude 5431 Core-i5-12th Gen 1240P Processor 16 GB RAM 256 GB SSD 14″ Display,152063,159666,7603
Dell Latitude 5470 Core-i7-6th Gen 8 GB RAM 256 GB SSD 14″ Display,46230,52616,6386
Dell Latitude 5490 Core-i5-7th Gen 8 GB RAM 256 GB SSD 14.4″ Display,45000,47009,2009
Dell Latitude 5490 Core-i7 8th Gen 8 GB RAM 256 GB SSD 14″ Display,81952,84090,2138
Dell Latitude 5501 (H) Core-i5-9th Gen 16GB RAM 256GB SSD 15.6″ Display,82336,89882,7546
Dell Latitude 5511 Core-i7-10th Gen 8GB RAM 256GB SSD 15.6″ Display,113024,119840,6816
Dell Latitude 5520 Core-i5 11th Gen 16GB RAM 256GB SSD 15.6″ Display,120890,124188,3298
Dell Latitude 5531 Core-i7-12th Gen 12800H Processor 32GB RAM 1TB SSD Nvidia GeForce MX550 2GB Graphics Card 15.6″ Display( 1 Year International Warranty),314370,320449,6079
Dell Latitude 5540 Core-i7-4th Gen 8GB RAM 500GB HDD 15.6″ Display,35426,39711,4285
Dell Latitude 5570 Core-i7-6th Gen (HQ) Processor 8GB RAM 256GB SSD AMD Radeon™ M370 Graphics Card 2GB Dedicated 15.6″ Display,50393,58085,7692
Dell Latitude 5590 Core-i7-8th Gen 8 GB RAM 256 GB SSD 15.6″ Display,79728,83736,4008
Dell Latitude 5591 Core-i7-8th Gen 16 GB RAM 256 GB SSD NVIDIA GeForce MX130 2GB CARD 15.6″ Display,96769,101002,4233
Dell Latitude 6330 Core-i5-3rd Gen 4GB RAM 250GB HDD 13.1″ Display,26758,29698,2940
Dell Latitude 6420 Core-i7-2nd Gen 4GB RAM 500GB HDD NVIDIA® NUS™ 4200M 1GB Graphics Card 14″ Display,37829,42681,4852
Dell Latitude 6440 Core-i5-4th Gen 4GB RAM 250GB HDD 14″ Display,26529,30734,4205
Dell Latitude 6530 Core-i7-3rd Gen 4GB RAM 256GB SSD NVIDIA NVS 5200M 1GB Card 15.6″ Display,28717,36711,7994
Dell Latitude 6540 Core-i5-4th Gen 8 GB RAM 256 GB SSD AMD RADEON HD 8790M 2GB CARD 15.6″ Display,48645,54751,6106
Dell Latitude 7270 Core-i7 6th Gen 8 GB RAM 256 GB SSD 12.5″ Display,37647,42393,4746
Dell Latitude 7280 Core-i5-7th Gen 8GB RAM 256GB SSD 12.5″ Display,44115,49179,5064
Dell Latitude 7280 Core-i7-7th Gen 8 GB RAM 256 GB SSD 12.5″ Display,47035,49149,2114
Dell Latitude 7300 Core-i5-8th Gen 8 GB RAM 256 GB SSD 13.3″Display,54367,58589,4222
Dell Latitude 7370 Core-M5 6th Gen 16GB RAM 256GB SSD Touchscreen QHD PLUS 13.3″ Display,69584,76442,6858
Dell Latitude 7390  Core-i5-8th Gen 8 GB RAM 256 GB SSD 13.3″ Display,54613,60202,5589
Dell Latitude 7420 Core-i5-11th Gen 16 GB RAM 256 GB SSD 14″ Display,114183,117508,3325
Dell Latitude 7440 Core-i7-4th Gen 8GB RAM 256GB SSD 14″ Display,34062,36232,2170
Dell Latitude 7450 Core-i5 5th Gen 4GB RAM 500GB HDD 14″ Display,39618,41697,2079
Dell Latitude 7450 Core-i7-5th Gen  8 GB RAM 256 GB SSD 14″ Display,32961,38634,5673
Dell Latitude 7450 Core-i7-5th Gen 8GB RAM 256GB SSD Nvidia GeForce 840M 2GB Graphics Card 14″ Display,47612,54708,7096
Dell Latitude 7470 Core-i7 6th Gen 8 GB RAM 256 GB SSD 14″ Display,45698,52035,6337
Dell Latitude 7480 Core-i5-6th Gen 8 GB RAM 256 GB SSD 14″ Display,42082,46854,4772
Dell Latitude 7480 Core-i7 6th Gen 8GB RAM 256GB SSD  14″ Display,63425,69033,5608
Dell Latitude E3570 Core-i3-6th Gen 8GB RAM 256GB SSD 15.6″ Display,38909,44994,6085
Dell Latitude E5250 Core-i5-5th Gen 8GB RAM 256GB SSD 12.5″ Display,39123,46887,7764
Dell Latitude E5270 Core-i5-6th Gen 8GB RAM 256GB SSD 12.5″ Display,29325,34472,5147
Dell Latitude E5570 Core-i5-6th Gen 8GB RAM 256GB SSD AMD Radeon R7 M370 2GB Graphics Card 15.6″ Display,50865,52908,2043
Dell Latitude E6220 Core-i5-2nd 4GB RAM 250GB HDD 12.5″ Display,16408,23229,6821
Dell Latitude E6520 Core-i7-2nd Gen 4GB Ram 500GB HDD 15.6″ Display,30077,33122,3045
Dell Latitude E6540 Core-i7-4th Gen 8GB RAM 500GB HDD 15.6″ Display,40818,45327,4509
Dell Latitude E7440 Core-i5-4th Gen 4GB RAM 128GB SSD Touchscreen 14″ Display,41652,47052,5400
Dell Latitude E7440 Core-i5-4th Gen 8GB RAM 128GB SSD 14″ Display,44007,51083,7076
Dell Precision 3470 Core-i5-12th Gen 16 GB RAM 512 GB SSD 14″ UHD Graphic Display,202099,205382,3283
Dell Precision 3530 Core-i7-8th Gen 8 GB RAM 256 GB SSD P600 4 GB NVIDIA GRAPHICS CARD 15.6″ Display,115071,121825,6754
Dell Precision 3541 Core-i7-9th Gen 16GB RAM 256GB SSD NVIDIA Quadro P620 4GB Graphics Card 15.6′ Display,117595,120079,2484
Dell Precision 3550  Core-i5-10th Gen 16 GB RAM 256 GB SSD 15.6″ Display,108567,112773,4206
Dell Precision 3551 Core-i5-10th Gen 16 GB RAM 256 GB SSD NVIDIA Quadro P620 4GB Card Touchscreen 15.6″ Display,129019,134988,5969
Dell Precision 3560 Core-i5-11th Gen 32GB RAM 512GB SSD 2GB NVIDIA QUADRO T500 Graphics Card 15.6″ Display,149601,157342,7741
Dell Precision 3571 Core-i7-12th Gen 32GB RAM 256GB SSD 4GB NVIDIA RTX A1000 Dedicated Graphics Card 15.6″ Display,237631,240272,2641
Dell Precision 5510 Core-i7-6th Gen 16 GB RAM 256 GB SSD M1000M 2GB NVIDIA QUADRO GRAPHICS CARD 15.6″ Display,105000,112374,7374
Dell Precision 5540 Mobile Workstation Core-i9-9th Gen 32GB RAM 1TB SSD 4GB Graphics Card 15.6″ 4K Display,162675,169093,6418
Dell Precision 5550 Core-i9-10th Gen 16GB RAM 512GB SSD 4GB Nvidia Quadro T2000 Graphics Card 15.6″  Display,218521,221343,2822
Dell Precision 5550 Xeon W-10855M 64 GB RAM 1 TB SSD NVIDIA RTX A2000 4 GB Card 15.6″ Touch 4K Display,258044,265228,7184
Dell Precision 5560 Core-i7-11th GEN 32GB RAM 512GB SSD NVidia T1200 4GB Card 15.6″ Display,236367,240304,3937
Dell Precision 7510 Intel Xeon 16 GB RAM 256 GB SSD 4GB NVIDIA QUADRO M2000M Graphics Card 15.6″ Display,85101,92322,7221
Dell Precision 7520 Xeon E3-1505M 16GB RAM 512GB SSD Nvidia Quadro M1200 4GB Graphics Card 15.6″ Display,84011,86119,2108
Dell Precision 7530 Core-i7-8th Gen 16GB RAM 512GB SSD Nvidia Quadro P3200 6GB Graphics Card 15.6″ Display,134325,136688,2363
Dell Precision 7550 Core-i7-10th Gen 16GB RAM 512GB SSD 15.6″ Display,145082,151142,6060
Dell Precision 7550 Core-i7-10th Gen 16GB RAM 512GB SSD NVIDIA Quadro RTX4000 8GB Card GDDR6 15.6″ Display,253302,260491,7189
Dell Precision 7560 Core-i7-11th Gen (H) 16 GB RAM 256 GB SSD 4 GB NVIDIA Graphics Card T1200 15.6″ Display,227862,231847,3985
Dell Precision 7670 Core-i9-12th Gen 128GB RAM 1TB SSD NVIDIA® RTX A5500 16GB Card 16″  Display,502400,509496,7096
Dell Precision 7710 Core-i7-6th Gen 16 GB RAM 256 GB SSD NVIDIA QUADRO M3000M 4 GB DEDICATED GRAPHICS CARD 17.3″ Display,100308,108157,7849
Dell Precision 7710 Workstation Core-i7-6th Gen 16GB RAM 256GB SSD AMD FirePro W7170M 4GB Graphics Card 17.3″ Display,80917,86128,5211
Dell Precision 7750 Core-i7-10th Gen 16GB RAM 256GB SSD 17.3″ Display,156410,163713,7303
Dell Precision 7750 Xeon W-10855M 64GB RAM 2 TBSSD NVMe NVIDIA RTX Quadro 4000 8GB Card 17.3″  Display,270631,278613,7982
Dell Precision M6600 Core-i7-2nd Gen 8GB RAM 256GB SSD NVIDIA Quadro 3000M 2GB 17.3″ Display,26407,33319,6912
Dell Vostro 14 5481 Core-i7-8th Gen 16GB RAM 256GB SSD 14″ Display,62619,67340,4721
Dell Vostro 15 3559 Core-i5-6th Gen 8 GB RAM 256 GB SSD 2 GB CARD AMD RAEDON R5M315 15.6″ Display,52578,59419,6841
Dell Vostro 15 3559 Core-i5-6th Gen 8GB RAM 256GB SSD 15.6″ Display,41972,49557,7585
Dell Vostro 3500 Core-i5-11th Gen 8 GB RAM 256 GB SSD 15.6″ Display,112239,120010,7771
Dell XPS  9370 Core-i5-8th Gen 8GB RAM 256GB SSD 13.3″ Display,72103,78764,6661
Dell XPS 9350 Core-i5-6th Gen 8GB RAM 256GB SSD 13.3″ Display,52541,59299,6758
Dell latitude 5480 Core-i7-6th Gen 8GB RAM 256GB SSD Nvidia GeForce 930M 2GB Graphics Card 14″ Display,51817,59533,7716
Fujitsu LIFEBOOK E754  Core-i3-4th Gen 4GB RAM 320GB HDD 15.6″ Display,25379,31109,5730
Fujitsu LIFEBOOK E754 Core-i5-4th Gen 4GB RAM 320GB HDD 15.6″ Display,32184,38992,6808
HP 14-dq1xxx Core-i5-10th Gen 16 GB RAM 256 GB SSD 14″ Display,76592,82527,5935
HP 14dk1003dx 10th Gen Ryzen-3 8 GB RAM 256 GB SSD 14″ Display,69807,77487,7680
HP 15-fc0025dx Laptop AMD Ryzen 5 7520U 8GB RAM 512GB SSD AMD Radeon Graphics 15.6″ HD Touch Screen Windows 11 (1 Year International Warranty),141186,146479,5293
HP 250 G4 Notebook Intel Celeron N3050  4 GB RAM 500 GB HDD 15.6″ Display,27069,35021,7952
HP Chromebook X360 11 G1 EE 4GB RAM 32GB SSD 11″ Display,22282,26854,4572
HP Dragonfly G4 Notebook PC Core-i7-13th Gen 32GB RAM 512GB SSD Touchscreen 13.5″ Display,520000,527327,7327
HP Elite DragonFly G2 x360 Core-i5-11th Gen 16 GB RAM 256 GB SSD 13.3″ Display,167258,174388,7130
HP EliteBook 1030 G2 X360 Core-i5-7th Gen 8 GB RAM 256 GB SSD  Touchscreen 13.3″ Display,72361,76209,3848
HP EliteBook 1030 G2 X360 Core-i7-7th Gen 8 GB RAM 256 GB SSD 13.3 Touchscreen Display,90209,96024,5815
HP EliteBook 1030 G3 x360 Core-i5-8th Gen 8 GB RAM 256 GB SSD Touchscreen 13.3″ Display,81254,86745,5491
HP EliteBook 1030 G3 x360 Core-i7-8th Gen 16GB RAM 512GB SSD Touchscreen 13.3″ Display,97819,103198,5379
HP EliteBook 1030 G4 x360 Core-i5-8th Gen 16GB RAM 256GB SSD Touchscreen 13.3″ Display,89798,92261,2463
HP EliteBook 1040 G6 X360 Core-i7-8th Gen 16GB RAM 512GB SSD 14″ Touchscreen Display,106924,114575,7651
HP EliteBook 2560P Intel® Core™ i5-2540M 2nd Gen 4GB RAM 320GB HDD 12.5″ Display,16870,22696,5826
HP EliteBook 2570P Core-i5-3320M 3rd Gen 4GB RAM 320GB HDD 12.5″ Display,20354,23847,3493
HP EliteBook 745 G5 AMD Ryzen 3 Pro 2300U  8 GB RAM 256 GB SSD 14″ Display,52205,57326,5121
HP EliteBook 755 G3 AMD A8 A8-8600P 8GB RAM 256GB SSD 15.6″ Display,26101,28627,2526
HP EliteBook 755 G5 AMD Ryzen 7 Pro 8GB RAM 256GB SSD 1GB AMD Radeon Vega 10 15.6″ Display,72676,78144,5468
HP EliteBook 820 G1 Core-i5-4th Gen 4 GB RAM 500 GB HDD 12.5″ Display,23070,25380,2310
HP EliteBook 820 G1 Intel® Core™ i7-4500U 4th Gen 4GB RAM 320GB HDD 12.5″ Display,34079,41416,7337
HP EliteBook 820 G3 Core i7 6th Gen 8GB RAM 256GB SSD 12.5″ Display,48316,54952,6636
HP EliteBook 820 G4 Core-i5-7th Gen 8 GB RAM 256 GB SSD 12.5″ Display,46609,54121,7512
HP EliteBook 830 G7 Core-i7-10th Gen 16GB RAM 256GB SSD 13.3″ Display,107776,112585,4809
HP EliteBook 840 G2 Core-i5-5th Gen 8 GB RAM 256 GB SSD 14″ Display,42984,45766,2782
HP EliteBook 840 G4 Core-i5-7th Gen 8 GB RAM 256 GB SSD 14″ Display,60390,62573,2183
HP EliteBook 840 G4 Core-i5-7th Gen 8 GB RAM 256 GB SSD 14″ Touchscreen Display,73400,75599,2199
HP EliteBook 840 G5 Core-i7-7th Gen 8GB RAM 256GB SSD 14″ Display,64437,71065,6628
HP EliteBook 840 G5 Core-i7-8th Gen 8 GB Ram 256 GB SSD 14″ Display,81326,89210,7884
HP EliteBook 840 G6 Core-i7-8th Gen 8 GB RAM 256 GB SSD 14″ Display,87018,94270,7252
HP EliteBook 840 G7 Core-i7-10th Gen 16 GB RAM 256 GB SSD 14″ Display,104059,109675,5616
HP EliteBook 840 G8 Core-i5-11th Gen 16 GB RAM 256 GB SSD 14″ Display,100000,105170,5170
HP EliteBook 840r G4 Core-i5-8th Gen 8 GB RAM 256 GB SSD 14″ Display,72269,74575,2306
HP EliteBook 8460P Core-i5-2nd Gen 4 GB RAM 320 GB HDD 14″ Display,36473,40275,3802
HP EliteBook 850 G1 Core-i5-4th Gen 8GB RAM 256GB SSD 15.6″ Display,39795,44161,4366
HP EliteBook 850 G2 Core-i7-5th Gen 8 GB RAM 256 GB SSD 15.6″ Display,44999,48801,3802
HP EliteBook 850 G3 Core-i5-6th Gen 8GB RAM 256GB SSD Touchscreen 15.6″ Display,52093,58347,6254
HP EliteBook 850 G3 Core-i7-6th Gen 8 GB RAM 256 GB SSD 15.6″ Display,56309,60992,4683
HP EliteBook 850 G3 Core-i7-6th Gen 8 GB RAM 256 GB SSD 1GB AMD Radeon R7 M350 Graphics Card 15.6″ Display,69205,73228,4023
HP EliteBook 850 G5 Core-i5-8th Gen 8 GB RAM 256 GB SSD 15.6″ Display,81751,87564,5813
HP EliteBook 850 G7 Core-i5-10th Gen 16GB RAM 256GB SSD 15.6″ Display,100000,104011,4011
HP EliteBook 850 G7 Core-i5-10th Gen 16GB RAM 256GB SSD Touchscreen 15.6″ Display,105707,112382,6675
HP EliteBook 850 G8 Core-i7-11th Gen 16 GB RAM 256 GB SSD Touchscreen 15.6″ Display,139147,145868,6721
HP EliteBook 850 G9 Core-i5-12th Gen 16GB RAM 512GB SSD 15.6″ Display,132308,134680,2372
HP EliteBook 8560 Mobile Workstation Core-i7-2nd Gen 8GB RAM 500GB HDD 1GB AMD 7400M 15.6″ Display,24999,32552,7553
HP EliteBook Folio 1020 G1 Intel Core m5-Y71 8GB RAM 256GB SSD 12.5″ Display,42041,47357,5316
HP EliteBook Folio 1040 G1 Intel® Core™ i5-4310U 4th Gen 4GB RAM 128GB SSD 14″ Display,36080,38247,2167
HP EliteBook Revolve 810 G3 Core-i7-5th Gen 8 GB RAM 256 GB SSD 11.6″ Touchscreen Display,38000,42390,4390
HP Envy 14-0013dx X360 Core-i5-13th Gen 8 GB RAM 512 GB SSD Touchscreen x360 15.6″ Display,183051,190141,7090
HP Envy 16 H0055cl-Raptor Lake Core-i7 12700H Processor 12th Gen 32GB RAM 1TB SSD A370M Dedicated 4GB Graphics Card Touchscreen 1600p 120Hz 16″ Display (Open Box),257253,264462,7209
HP Envy X360 15-EY0013DX  AMD Ryzen 5-5625U 8 GB RAM 256 GB SSD 15.6″ Display,126336,129526,3190
HP Laptop 15-da2xxx Core-i7-10th Gen 8 GB RAM 256 GB SSD 15.6″ Display,80980,83674,2694
HP NoteBook 15-da2xxx Core-i7-10th Gen 8 GB RAM 256 GB SSD GeForce MX13 2 GB GRAPHICS CARD 15.6″ Display,111911,116246,4335
HP NoteBook 250 G5 Core-i5 6th Gen 8 GB RAM 256 GB SSD 15.6″ Display,47868,51422,3554
HP NoteBook 250 G7 Core-i5 8th Gen 8 GB RAM 256 GB SSD 15.6″ Display,59969,63156,3187
HP NoteBook 255 G7 Ryzen 3 8GB RAM 256GB 15.6″ Display,50371,54803,4432
HP Notebook 15-AY053NR Core-i5-6th Gen 8 GB RAM 256 GB SSD 15.6″ Display,46868,52336,5468
HP Pavalion 15Fq5XXX Core-i3-12th Gen 8 GB RAM 256 GB SSD 15.6″ Display,86907,92612,5705
HP Pavalion 17-by2XXX Core-i5-10th Gen 8 GB RAM 256 GB SSD 17.3″ Display,94001,98284,4283
HP Pavilion 15 ay055nx Core-i3-6th Gen 4GB RAM 500GB HDD 15.6″ Display,38193,41322,3129
HP Pavilion 15 bs015dx Core-i5-7th Gen 8GB RAM 256GB SSD 15.6″ Display,48000,53606,5606
HP Pavilion 15CX0118TX Core-i5 8th Gen Gaming Laptop 8GB RAM 256GB SSD 4GB Nvidia GTX1050ti 15.6″ Display,121078,129006,7928
HP Pavilion 15dy Core-i7-11th Gen 16 GB RAM 256 GB SSD 15.6″ Display,139825,143517,3692
HP Pavilion X360 15-ER1051CL Core i5-1235U 12th Gen 12GB DDR4 512GB SSD Intel Graphics 15.6″ FHD x360 Touchscreen Windows 11 (1 Year International Warranty),188471,190855,2384
HP ProBook 11 G2 Celeron 4GB RAM 128GB SSD 11.6″ Display,20631,24943,4312
HP ProBook 11 G2 Core-i3-6th Gen 8 GB RAM 500 GB HDD 11.6″ Display,30036,34278,4242
HP ProBook 430 G1 Intel® Celeron® 2955U 4GB RAM 320GB HDD 13.3″ Display,20000,22753,2753
HP ProBook 430 G3 Core-i5-6th Gen 8 GB RAM 256 GB SSD 13.3″ Display,40438,45617,5179
HP ProBook 440 G0 Notebook Core-i5-3rd 4 GB RAM 320 GB HDD 14″ Display,24449,27576,3127
HP ProBook 440 G3 Core-i5-6th Gen 8 GB RAM 256 GB SSD 14″ Display,44848,49595,4747
HP ProBook 440 G5 Core-i5-8th Gen 8 GB RAM 500 GB HDD 14″ Display,58108,63560,5452
HP ProBook 440 G6 Core-i7 8th Gen 8 GB RAM 256 GB SSD 14″ Display,86424,89457,3033
HP ProBook 440 G7 Core-i5-10th Gen 8GB RAM 256GB SSD 14″ Display,79038,84395,5357
HP ProBook 440 G8 Core-i5-11th Gen 16 GB RAM 256 GB SSD 14″ Display,107382,112692,5310
HP ProBook 440 G9 Core-i7-12th Gen 16GB RAM 256GB SSD 14″ Display,134302,137811,3509
HP ProBook 450 G1 Core-i5-4th Gen 8 GB RAM 500 GB HDD 15.6″ Display,37924,40746,2822
HP ProBook 450 G3 Core-i7 6th Gen 8 GB RAM 256 GB SSD 15.6″ Display,54955,57586,2631
HP ProBook 450 G4 Core-i3-6th Gen 8GB RAM 256GB SSD 15.6″ Display,37999,42062,4063
HP ProBook 450 G4 Core-i5-7th Gen 8GB RAM 256GB SSD 15.6″ Display,55313,61135,5822
HP ProBook 450 G5  Core-i7-8th Gen 8 GB RAM 256 GB SSD 15.6″ Display,80000,82235,2235
HP ProBook 450 G5 Core-i3-6th Gen 8 GB RAM 256 GB SSD 15.6″ Display,38000,45240,7240
HP ProBook 450 G5 Core-i5-8th Gen 8 GB RAM 256 GB SSD 15.6″ Display,70854,74570,3716
HP ProBook 450 G6 Core-i5-8th Gen 8 GB RAM 256 GB SSD 15.6″ Display,84556,87030,2474
HP ProBook 450 G8 Tiger Lake Core-i5-11th Gen 8 GB RAM 256 GB SSD 15.6″ HD  Display,105908,109455,3547
HP ProBook 455 G2 AMD PRO A6 PRO A6-7050B 8GB RAM 256GB SSD 15.6″ Display,33923,38308,4385
HP ProBook 640 G2 Core-i3-6th Gen 8 GB RAM 128 GB SSD 14″ Display,44654,50186,5532
HP ProBook 640 G2 Core-i7-6th Gen 8 GB RAM 256 GB SSD 14″ Display,62017,66271,4254
HP ProBook 640 G3 Corei5-7th Gen 8 GB RAM 256 GB SSD 14″ Display,48400,56250,7850
HP ProBook 640 G4 Core-i5-7th Gen 8 GB RAM 256 GB SSD 14″ Display,65697,72655,6958
HP ProBook 650 G1 Core-i5-4th Gen 4 GB RAM 500 GB HDD 15.6″ Display,34518,37794,3276
HP ProBook 650 G1 Core-i7-4th Gen 8GB RAM 256GB SSD AMD 8500M 1GB Graphics Card 15.6″ Display,48564,51027,2463
HP ProBook 650 G4 Core-i5-8th Gen 8 GB RAM 256 GB SSD 15.6″ Display,64281,70015,5734
HP ProBook 655 G1 Core-i5-4th Gen 4 GB RAM 500 GB HDD 15.6″ Display,33752,37669,3917
HP ProBook 655 G3 AMD A6-8530B APU 8GB RAM 256GB SSD 15.6″ Display,48449,53038,4589
HP Spectre Pro X360 Core-i7-5th Gen 8GB RAM 256GB SSD Touchscreen 13.3″ Display,70713,73363,2650
"HP VICTUS 15 fd2028wm AMD Ryzen,5,8645HS, 8GB RAM 512GB SSD B&O NVIDIA GeForce RTX 4050 6GB 15.6 FHD IPS  Display",220670,225514,4844
"HP Victus Gaming 16 R0024TX INTEL Core-i7-13th Gen 13700HX (16 Core) 8GB RAM 1TB SSD 165Hz Micro-Edge Display B&O 1-Zone RGB BKB TPM W10 Pro Eng-KB (Performance Blue, Open Box) 8-GB NVIDIA GeForce RTX4070 GDDR6 GC  16.1″ Full HD 1080p IPS Display",334898,340137,5239
HP Victus Gaming Laptop 15-fa0xxx Core-i7-12th Gen 16 GB RAM 512 GB SSD NVIDIA RTX 3050Ti 4GB Graphics Card 15.6″ Display,222315,226206,3891
HP Victus Gaming laptop 15 FA1093DX Intel Core i5 13th Gen 8GB RAM 512GB SSD NVIDIA GeForce RTX 3050 6GB Graphics Card 15.6″ FHD IPS LED Display  (Box Pack with 1 year International Warranty),241999,248944,6945
HP Z book Power Core-i7-13th Gen 13700H 16 GB RAM 512 GB SSD NVIDIA RTX A500 4 GB 15.6″ Display,427000,430753,3753
HP ZBOOK 14 G2 Core-i7-5th Gen 8 GB RAM 256 GB SSD 2 GB CARD AMD FIRE PRO 4150 14″ Display,65761,68373,2612
HP ZBOOK 15U G4 Core-i7-7th Gen 16 GB RAM 256 GB SSD 2 GB CARD AMD TM R7 M350 15.6″ Display,75000,77114,2114
HP ZBook 15 G4 Mobile Workstation Core-i7-7th GEN 16 GB RAM 512 GB SSD NVIDIA Quadro M1200 4GB CARD 15.6″ Display,112351,114986,2635
HP ZBook 15 G5 Core-i7-8th Gen 16GB RAM 512GB SSD Nvidia Quadro P2000 4GB Graphics Card 15.6″ 4K Display,145730,148491,2761
HP ZBook 17 G6 Mobile Workstation Core-i7-9th GEN 32 GB RAM 512 GB SSD NVIDIA® Quadro® RTX 4000 8 GB CARD 17.3″ Display,208892,212124,3232
HP ZBook Firefly 14 G8 Mobile Workstation Core-i7-11th Gen 16GB RAM 512GB SSD 14″ Display,133610,137815,4205
HP ZBook Fury 15 G7 Mobile Workstation Core-i9-10th Gen 32GB RAM 1TB SSD 6-GB NVIDIA Quadro RTX3000 GDDR6 GC 15.6″ Display,234952,240969,6017
HP ZBook Studio x360 G5 Convertible Workstation Core-i5-8th Gen 16GB RAM 512GB SSD Nvidia Quadro 4GB Graphics Card 15.6″ Display,136566,138785,2219
HP Zbook 15 G5 Core-i7-8th Gen 32 GB RAM 512 GB SSD NVIDIA Quadro P1000 GDDR5 4GB 15.6″ Display,149397,154972,5575
HP Zbook 15 G6 Core-i7-9th Gen 16 GB RAM 512 SSD NVIDIA QUADRO T2000 4 GB GRAPHICS CARD 15.6″ Display,171365,178911,7546
HP Zbook 15 Workstation Core-i5-4th Gen 8GB RAM 256GB SSD 15.6″ Display,58700,61846,3146
HP Zbook 15U G2 Core-i7-5th Gen 8 GB RAM 256 GB SSD 1 GB CARD AMD READON R7 15.6″ Display,78384,82060,3676
HP Zbook 17 G2 Core-i7-4th Gen 8 GB RAM 256 GB SSD 2 GB Card K1100 17.3″ Display,66808,72989,6181
HP Zbook 17 G3 Core-i7-6th Gen 16 GB RAM 256 GB SSD 2GB NVIDIA Quadro M1000M Graphics Card 17.3″ Display,79999,86239,6240
HP Zbook Fire Fly G7 Core-i7-10th Gen 16GB RAM DDR4 512GB SSD Nvidia Quadro P520 4GB Graphics Card Touchscreen 15.6″ Display,171670,174093,2423
HP Zbook Firefly 15 G8 Core-i5-11th Gen 16GB RAM 512GB SSD 15″ Display,125000,129433,4433
Lenovo 100E Chromebook 2nd Gen 4 GB RAM 320 GB HDD 11.6″ Display,22412,28958,6546
Lenovo Flex 3 14 Core-i5-6th Gen 8 GB RAM 256 GB SSD 14″ Display,54116,57133,3017
Lenovo IdeaPad 1 AMD RYZEN 7 Processor 8 GB RAM 512 GB SSD  15.6″ Display,138297,140806,2509
Lenovo IdeaPad 3 Core-i3-10th Gen 8 GB RAM 256 GB SSD 15.6″ Display,60228,64873,4645
Lenovo IdeaPad Flex 3 Core-i5-6th Gen 8GB RAM 256GB SSD 15″ Display,41789,49307,7518
Lenovo IdeaPad L340 Intel® Pentium® Gold 5405U 8GB RAM 128GB SSD 13″ Display,39672,43085,3413
Lenovo IdeaPad S340 Corei7-8th-Gen 8 GB RAM 256 GB SSD 15.6″ Display,71033,78511,7478
Lenovo IdeaPad U310 Core-i5-3rd Gen 4GB RAM 320GB HDD 13.3″ Display,20000,24467,4467
Lenovo Legion Pro 5 16 Core-i7-14th Gen 14650HX 16-Core Processor 16GB RAM 1TB SSD 240Hz 500nits DolbyVision G-Sync Display 4-Zone RGB Backlit KB TPM 2.0 (Storm Grey) 8-GB NVIDIA GeForce RTX4060 GDDR6 GC  16″ WQXGA IPS AG Display,464035,468301,4266
Lenovo ThinkPad E470 Core-i5-7th Gen 8 GB RAM 256 GB SSD 14″ Display,61248,69004,7756
Lenovo ThinkPad E480 Core-i3-8th Gen 8 GB RAM 256 GB SSD 14″ Display,56935,64073,7138
Lenovo ThinkPad E480 Core-i5-7th Gen 8 GB RAM 256 GB SSD 14″ Display,50368,53556,3188
Lenovo ThinkPad E540 Core-i3-4th Gen 8GB RAM 256GB SSD 15.6″ Display,42118,46718,4600
Lenovo ThinkPad E540 Core-i7-4th Gen 8GB RAM 256GB SSD 15.6″ Display,34999,39720,4721
Lenovo ThinkPad E560 Core-i5-6th Gen 8 GB RAM 256 GB SSD 15.6″ Display,45425,52212,6787
Lenovo ThinkPad L13 Yoga 2-in-1 Laptop Core-i5-11th Gen 8GB RAM 512GB SSD Touchscreen 13.3″ Display,110000,116485,6485
Lenovo ThinkPad L14 G1 Core-i5-10th Gen 8GB RAM 256GB SSD 14″ Display,63463,65514,2051
Lenovo ThinkPad L15 AMD Ryzen™3 Pro 4450U Equivalent to i5 10th Gen 8GB RAM 256GB SSD 15.6″ Display,53801,60419,6618
Lenovo ThinkPad L460 Intel® Pentium® 4405U 8 GB RAM 256 GB SSD 14″ Display,27826,33839,6013
Lenovo ThinkPad L480 Core-i3-8th Gen 8 GB RAM 256 GB SSD 14″ Display,54777,57661,2884
Lenovo ThinkPad L480 Core-i5-8th Gen 8 GB RAM 256 GB SSD 14″ Display,58239,63082,4843
Lenovo ThinkPad L530 Core-i5-3rd Gen 4GB RAM 320GB HDD 15.6″ Display,22513,28605,6092
Lenovo ThinkPad L560 Core-i5-6th Gen 8GB RAM 256GB SSD 15.6″ Display,42115,49472,7357
Lenovo ThinkPad L560 Core-i7-6th Gen 8 GB RAM 256 GB SSD 15.6″ Display,50000,55673,5673
Lenovo ThinkPad L570 Core-i3-7th Gen 8GB RAM 256GB SSD 15.6″ Display,40674,43465,2791
Lenovo ThinkPad L570 Core-i5-6th Gen 8 GB RAM 256 GB SSD 15.6″ Display,42336,46109,3773
Lenovo ThinkPad L570 Core-i5-7th Gen 8 GB RAM 256 GB SSD 15.6″ Display,44578,48980,4402
Lenovo ThinkPad P1 Core-i7-8th Gen 16GB RAM 512GB SSD NVIDIA Quadro P1000 4GB Graphics Card Touchscreen 4K 15.6″ Display,147765,150509,2744
Lenovo ThinkPad P50s Core-i7-6th Gen 8GB RAM 256GB SSD Nvidia Quadro M5000M 2GB Graphics Card 15.6″ Display,68496,75716,7220
Lenovo ThinkPad P52 Mobile workstation Core-i7-8th Gen 16 GB RAM 512 GB SSD NVIDIA® Quadro® P1000 4GB CARD 15.6″ Display,124616,129910,5294
Lenovo ThinkPad P70 Core-i7-6th Gen 16 GB RAM 512 GB SSD NVIDIA QUADRO M600M 2GB GRAPHICS CARD 17.3″ Display,79659,81906,2247
Lenovo ThinkPad T14 G1 Core-i7-10th Gen 16GB RAM 256GB SSD 14″ Display,96562,98868,2306
Lenovo ThinkPad T14 Gen 1 Core-i5-10th Gen 16 GB RAM 256 GB SSD 14″ Display,87867,92116,4249
Lenovo ThinkPad T410 Core-i5-1st Gen 4GB RAM 320GB HDD 14″ Display,26100,32452,6352
Lenovo ThinkPad T420 Core-i5-2nd Gen 4GB RAM 320GB HDD 14″ Display,24178,27092,2914
Lenovo ThinkPad T430 Core-i5-3rd Gen 4GB RAM 320GB HDD 14″ Display,25124,28025,2901
Lenovo ThinkPad T430 Core-i5-3rd Gen 4GB RAM 500GB HDD  INVS 5400M 1GB DDR3 Graphics Card 14″ Display,31523,36851,5328
Lenovo ThinkPad T440s Core-i7-4th Gen 8GB RAM 500GB HDD 14″ Display,29052,33162,4110
Lenovo ThinkPad T460s Core-i7-6th Gen 8 GB RAM 256 GB SSD NVIDIA GeForce® 930M 2GB CARD 14″ Display,56275,59396,3121
Lenovo ThinkPad T490 Core-i5-8th Gen 8GB RAM 256GB SSD 14″ Display,75331,79751,4420
Lenovo ThinkPad T490s Core-i7-8th Gen 8GB RAM 256GB SSD 14″ Display,69808,75908,6100
Lenovo ThinkPad T530 Core-i5-3rd Gen 4GB RAM 256GB SSD NVIDIA® NVS™ 5400M 1GB Graphics Card 15.6″ Display,23999,31742,7743
Lenovo ThinkPad T530 Core-i5-3rd Gen 4GB RAM 320GB HDD 15.6″ Display,22963,28093,5130
Lenovo ThinkPad T550 Core-i5-5th Gen 8GB RAM 256GB SSD 15.6″ Display,48445,56381,7936
Lenovo ThinkPad T570 Core-i5-7th Gen 8 GB RAM 256 GB SSD 15.6″ Display,61445,65541,4096
Lenovo ThinkPad T590 Core-i5-8th Gen 8GB RAM 256GB SSD 15.6″ Display,72620,78949,6329
Lenovo ThinkPad X1 Carbon (Gen10) Core-i5-12th Gen 16 GB RAM 512 GB SSD 14″ Display IRIS XE Graphic,331925,339729,7804
Lenovo ThinkPad X1 Carbon (Gen10) Core-i5-12th Gen 8 GB RAM 256 GB SSD 14″ WUXGA Display,271355,277792,6437
Lenovo ThinkPad X1 Carbon (Gen11) Core-i7-13th Gen 32 GB RAM 512 GB SSD 14″ Display IRIS XE Graphic,557100,560885,3785
Lenovo ThinkPad X1 Carbon Core-i5-6th Gen 8 GB RAM 256 GB SSD 14″ Display,42000,49815,7815
Lenovo ThinkPad X1 Carbon Core-i7-4th Gen 8GB RAM 256GB SSD 14″ Display,47964,53135,5171
Lenovo ThinkPad X1 Carbon Core-i7-5th Gen 8GB RAM 256GB SSD 14″ Display,34208,36229,2021
Lenovo ThinkPad X1 Carbon Core-i7-7th Gen 16GB RAM 512GB SSD 14″ Display,74286,76932,2646
Lenovo ThinkPad X1 Yoga Core-i7-6th Gen 16GB RAM 256GB SSD 14″ Display,57183,63779,6596
Lenovo ThinkPad X1 Yoga Core-i7-8th Gen 8GB RAM 256GB SSD 14″ Display,88589,94335,5746
Lenovo ThinkPad X1 Yoga G5 Core-i5-10th Gen 8GB RAM 256GB SSD Touchscreen x360 14″ Display,99818,105191,5373
Lenovo ThinkPad X230 Core-i5-3rd Gen 4GB RAM 320GB HDD 12.5″ Display,33995,39682,5687
Lenovo ThinkPad X250 Core-i7-5th Gen 8 GB RAM 256 GB SSD 12.5″ Display,32188,34373,2185
Lenovo ThinkPad X270 Core-i5-6th Gen 8GB RAM 256GB SSD 12.5″ Display,33395,38007,4612
Lenovo ThinkPad Yoga 11E x360 Core-M3-7th Gen 8 GB RAM 256 GB SSD Touchscreen 11.6″ Display,28639,35612,6973
Lenovo ThinkPad Yoga 11e Intel Celeron QuadCore N3160 4GB RAM 128GB SSD 11.6″ Display,29982,36497,6515
Lenovo ThinkPad Yoga 12  Core-i7-5th Gen 8 GB RAM 256 GB SSD 12.5″ Display,41530,49128,7598
Lenovo ThinkPad Yoga 12 Core-i5-5th Gen 8 GB RAM 256 GB SSD 12.5″ Display,44129,48927,4798
Lenovo ThinkPad Yoga 460 x360 Core-i5-6th Gen 8 GB RAM 256 GB SSD  Touchscreen 14″ Display,41871,47857,5986
Lenovo ThinkPad Yoga X380 Core-i5-8th Gen 8GB RAM 256GB SSD Touchscreen 13.3″ Display,82426,84524,2098
Lenovo ThinkPad t460 Core-i5-6th Gen 8 GB RAM 256 GB SSD 14″ Display,47121,50041,2920
Lenovo ThinkPad t470s Core-i7-7th Gen 8 GB RAM 256 GB SSD 14″ Display,57066,62593,5527
Lenovo Yoga 14 2-in-1 Core-i5-6th Gen 8GB RAM 256GB SSD NVIDIA GeForce GT 940M 2GB CARD Touchscreen 14″ Display,48077,51319,3242
Lenovo Yoga 260 X360 Core-i5-6th Gen 8 GB RAM 256 GB SSD  Touchscreen 12.5″ Display,47914,52810,4896
MICROSOFT SURFACE Laptop Go2 Core-i5-11th Gen 8 GB 128 GB SSD 12.4″ PixelSense Touchscreen  Display Blue Color,121322,126255,4933
MSI Delta 15 A5EFK-097 Ryzen 7 16 GB RAM 512 GB SSD 6700m 10 GB Graphics Card 15.6″ Display,195000,200545,5545
Microsoft Surface Laptop 3 Core-i5-10th Gen 8GB RAM 256GB SSD Touchscreen 13.5″ Display,107035,113662,6627
